chromo,x,y
1	51599	-0.171287335972
1	51672	0.0288588752332988
1	51687	0.115491078005601
1	52016	0.274378317105301
1	52784	0.0513585077921004
1	52801	-0.123512541085701
1	62568	-0.6003234702311
1	62640	-0.469045624339
1	72034	-0.2117415063388
1	72179	0.2749133379908
1	72514	0.4753208568006
1	72575	-0.0824724016725007
1	75800	0.874976712727721
1	75862	0.769720186963099
1	76188	-0.543362574797699
1	76205	-0.293719488881599
1	88452	0.0141164112460004
1	88466	-0.0896429475981986
1	218570	0.244771860375399
1	218593	0.234334738821799
1	218939	0.287990042159601
1	219022	0.85757860729084
1	219037	-0.211390465962801
1	219483	0.15591373450361
1	219541	-0.0944044791205005
1	225534	0.173181348728001
1	225592	-0.0869451740574014
1	225802	0.143786444054099
1	346307	0.640961171830101
1	346406	-0.11139142322779
1	394035	-0.0397239036034005
1	524415	0.521932849794499
1	554484	-0.0114222392927008
1	554636	-0.3412181217357
1	557616	0.3029674009078
1	593454	-0.0124717082226997
1	615334	-0.394189517904001
1	696963	0.0499248789787998
1	702409	-0.0648274565285991
1	708527	-0.0280191036829898
1	711153	0.2107365387344
1	713181	0.305244132753598
1	718472	0.1065673181559
1	730720	-0.7146111743905
1	732157	-0.140875767744602
1	735777	-0.2310166399688
1	738003	0.1292320077276
1	740198	0.616386762721401
1	742429	-0.2961213029572
1	747333	0.0458146588141997
1	747787	-0.0140805904004004
1	751232	0.0236384859029997
1	751595	-0.5589332291903
1	751982	-0.170509663076901
1	755132	-0.244124736845301
1	758657	-0.314187153714601
1	766985	-0.384905232534999
1	769890	0.294372744049602
1	772113	-0.426190320279598
1	775789	-0.295106499493199
1	775852	0.0103992716747996
1	779261	-0.342626685049439
1	780413	-0.309385598207299
1	780874	-0.263228626704601
1	782343	-0.0479069737379003
1	786025	-0.162393330491
1	788822	-0.4055186774621
1	789259	0.0317463127676003
1	789326	-0.135400414642001
1	789595	-0.229512244981299
1	794320	0.00696791354619997
1	799637	0.180072334075101
1	802896	0.176703698996899
1	803182	-0.116718244967799
1	808450	0.2801307958586
1	814000	0.435659890183599
1	826577	-0.0206874077963999
1	826610	-0.0999569195811993
1	826949	0.3502208637263
1	839881	0.0976328878903008
1	840551	0.239281932979299
1	864766	-0.251012416191799
1	864896	0.49035706180042
1	874636	-0.2145833906385
1	875288	-0.229375160544901
1	878522	0.0664388959981004
1	890975	-0.607587715106799
1	893902	0.0510563098676009
1	894471	0.274552638684799
1	908436	0.2149219962101
1	912885	-0.238349382866302
1	913202	0.1706330139094
1	913543	-0.0654427523379493
1	916294	-0.00967932156229878
1	936897	-0.0183014031029014
1	939471	-0.216644959228201
1	952534	0.154207220159901
1	952549	0.3711630057017
1	952829	0.347926267386601
1	978236	0.342665777792901
1	980280	-0.4544451893169
1	980380	-0.0230011510414005
1	980702	0.0869151641664985
1	993492	0.366179969563619
1	1007079	-0.0301807706712989
1	1008567	0.288624070080719
1	1018919	-0.54471398116031
1	1020183	-0.0840123106725006
1	1025843	0.132418016856899
1	1028961	-0.141954867592901
1	1029222	-0.121587796758099
1	1030321	0.190228813426401
1	1031563	-0.0198830114548993
1	1034521	-0.248737392346198
1	1037162	-0.589911698119799
1	1038818	-0.1686887234175
1	1039680	0.29093179533935
1	1049345	-0.686071544899399
1	1079453	-0.5267262589163
1	1079473	-0.4248007076124
1	1079493	-0.563210205587499
1	1079513	-0.278236812669901
1	1079562	-0.295363894348899
1	1079752	-0.212298872013701
1	1087198	0.47924917271072
1	1119009	0.31845352916112
1	1119196	-0.1114693346631
1	1119277	0.203399213195521
1	1119535	0.0813607570488006
1	1119877	0.191097611616
1	1119945	0.0581232106938003
1	1119968	0.0918086847815012
1	1120198	-0.0660694930599508
1	1120590	-0.261021736588601
1	1145907	0.340954938991461
1	1145922	0.44515021032305
1	1145937	-0.0897830594757014
1	1145994	-0.172923154459101
1	1148140	0.3883702559763
1	1148494	-0.247000727647301
1	1151107	0.107327571080599
1	1151122	0.1449429101633
1	1151188	-0.412855444672399
1	1155057	0.0626604629847005
1	1155074	0.1559721669397
1	1155173	-0.376252074778801
1	1176319	0.218574528967599
1	1176341	0.319018749117701
1	1176365	-0.38636837576643
1	1176388	-0.607541948328201
1	1176450	-0.128954719850601
1	1176511	-0.448072763753901
1	1177451	-0.327836784946999
1	1185205	-0.352586567999101
1	1185553	0.0444883000673002
1	1186334	0.156814667564101
1	1188481	0.1225083850536
1	1188969	0.784456790386699
1	1189238	0.3983759030179
1	1189384	-0.220954413467199
1	1189400	-0.5213129808664
1	1189416	-0.239141201911
1	1189443	0.0403827075671011
1	1190794	0.0456527126764001
1	1191181	0.0603429855403999
1	1191295	-0.158832715443099
1	1197772	0.3032518978608
1	1201054	0.475506897926849
1	1201155	-0.182421738030801
1	1201621	-0.0826526552312004
1	1202021	-0.0797760017783009
1	1202102	-0.2051990696174
1	1202110	-0.192657770466299
1	1203144	-0.7595923015243
1	1203161	-0.3760812516503
1	1203773	0.326847647498699
1	1204036	1.00550963579485
1	1204053	0.202179549084901
1	1206921	-0.2911069649246
1	1207949	-0.1417421297283
1	1225514	0.48639749783255
1	1225533	0.277995966165699
1	1225686	-0.321415039440531
1	1225708	0.156938741353661
1	1225931	-0.0222508917997999
1	1226003	-0.120312057639
1	1226315	0.2346429833266
1	1227006	0.432960262817419
1	1232078	-0.0271786849289004
1	1232206	-0.123212329505201
1	1232331	-0.1168742029482
1	1232351	-0.318288274685701
1	1232361	0.2278915136979
1	1232371	-0.343642187347001
1	1232382	-0.287859109088499
1	1232397	-0.2118993264599
1	1242986	0.4212919742348
1	1243414	0.193775990857469
1	1243441	0.375909910845101
1	1243464	0.114399883774999
1	1243706	-0.226000345655569
1	1258710	-0.248788432394999
1	1286368	0.0957357444963503
1	1286384	0.00767806804960003
1	1286516	0.43861636331253
1	1286928	-0.155340662667301
1	1287285	-0.00538096529220056
1	1287319	0.00179955207680038
1	1287610	-1.28436042496554
1	1301579	0.1990026560175
1	1304313	0.365599838560799
1	1319588	-0.5803378194214
1	1323299	-0.1122269712343
1	1355433	0.1368915850914
1	1395474	-0.31559079320543
1	1401739	0.2247730093186
1	1411394	-0.3181714087342
1	1443224	0.3229336123355
1	1443466	0.200086553628601
1	1452629	0.2386512908047
1	1457348	-0.279940949922301
1	1457430	-0.1979643768057
1	1463467	-0.19944255906436
1	1464152	-0.128453945693501
1	1468016	-0.2759124582174
1	1470913	0.192248393930701
1	1482830	-1.0451857073293
1	1483775	-0.4606782200997
1	1485718	-0.290408898069401
1	1488015	-0.0137689482542012
1	1490804	-0.1595139734595
1	1491460	-0.609235578579501
1	1494605	-0.9015037864439
1	1494674	-0.53866181287593
1	1495844	-0.0553568854327988
1	1495898	-0.185699483943599
1	1495962	-1.0311089692615
1	1500664	-0.24567921429675
1	1617779	-0.4431778321004
1	1618279	-0.0670210528695012
1	1618687	-0.3338879388722
1	1631964	-0.38493121643814
1	1637191	-0.183553763275301
1	1637355	0.1967087811542
1	1637546	-0.1240227349971
1	1637713	-0.452852295740101
1	1637751	-0.279165079239199
1	1637788	0.5090187109616
1	1638806	-0.522831631209201
1	1639923	0.1783202646912
1	1640788	-0.0952389426581988
1	1642256	0.200075870811881
1	1652799	0.000627061902100934
1	1653197	0.36678584276817
1	1653257	0.3280074464755
1	1653691	-0.0178469122222999
1	1658962	-0.4358833829068
1	1659017	-0.0917857084525995
1	1662464	-0.114462945142281
1	1677448	0.143917855422499
1	1677511	0.2751347487796
1	1677548	0.280720103223201
1	1677801	0.412845587831701
1	1677905	-0.709951233066
1	1677919	-0.199097627619299
1	1678052	-0.513628810486098
1	1682181	-0.369049607465801
1	1683191	-0.3312125510057
1	1685662	-0.338853765769201
1	1691762	0.234605983824299
1	1692672	-0.252046409065899
1	1692847	-0.1317948029745
1	1693552	-0.41192117454958
1	1693893	-0.1301736020108
1	1693999	-0.3035565743854
1	1698884	0.321856564264799
1	1699028	0.50571998033127
1	1699044	0.85385112876396
1	1699074	0.59704568510176
1	1699249	0.49336644008554
1	1701274	0.2047757909196
1	1704419	0.633542211944551
1	1707636	0.0241039770424987
1	1708305	-0.443236921680001
1	1711339	-0.409320233889401
1	1711415	0.2387484240998
1	1711706	-1.0437762896393
1	1711772	0.200671805806499
1	1712792	-0.2482718222444
1	1717585	0.38800216508273
1	1718093	-0.531087466430199
1	1719599	-0.00436893484119949
1	1719661	-0.425503164848299
1	1719800	0.048166121187851
1	1719818	-0.561394669402299
1	1719947	-0.2433913112963
1	1722184	-0.187081731260369
1	1723253	-0.364935751381999
1	1724187	-0.5208821432173
1	1727218	-0.148132856976799
1	1727801	-0.4758686144928
1	1728580	0.0996757714890606
1	1731102	0.165349920324489
1	1732270	0.4678231510911
1	1736554	-0.14826739222948
1	1739148	-0.548535993683201
1	1741174	-0.1260319021559
1	1742934	-0.086958217713601
1	1743546	0.0594764410484991
1	1744703	-0.454968372983501
1	1745028	-0.1522417668134
1	1748511	0.128299838017199
1	1748544	-0.2502454349556
1	1748886	-0.1238733222698
1	1748914	-0.1543261003801
1	1748957	-0.137073608932401
1	1748972	-0.4914394958377
1	1750924	0.1365737170483
1	1754556	-0.265775120710799
1	1755026	-0.595947683791898
1	1755585	-0.3172704108818
1	1760517	-0.304669844897399
1	1762784	0.0354935181686997
1	1763765	-0.0775210418259
1	1767950	0.3636880958266
1	1771821	-0.3471819104162
1	1771923	-0.3609847310583
1	1772423	0.0480361180289002
1	1773061	0.0280688038563994
1	1774633	-0.3434846084581
1	1779310	-0.5913112488293
1	1781120	0.361785188239701
1	1781663	-0.0274065037165006
1	1783646	0.0846271083341996
1	1785763	-0.306357118601101
1	1785864	-0.2924464516394
1	1794162	-0.2161836239174
1	1796533	-0.187078225111099
1	1799015	-0.298361714859301
1	1802548	0.288508276322901
1	1804321	-0.310576772560999
1	1805854	-0.387282016965699
1	1810480	-0.86567758424504
1	1813782	-0.285887999159099
1	1813931	0.298800888352501
1	1817395	-0.2654366628138
1	1819342	-0.400982549490401
1	1819388	-0.604937995643599
1	1826788	-0.2501117284275
1	1836475	-0.1651452035108
1	1858825	0.1110960031811
1	1860176	-1.14710537334825
1	1861181	0.2121446278872
1	1861197	0.0161937188990997
1	1867651	0.3647969680434
1	1869816	0.0613286159663993
1	1878053	-0.284024166860901
1	1878229	0.0582041258628898
1	1879978	-0.19063580263251
1	1880147	0.227884720027099
1	1880413	0.162894831949169
1	1893572	0.2078490969878
1	1898523	0.125781244828799
1	1900816	-0.0330291904016615
1	1903812	0.531389177422
1	1912441	0.6283029654868
1	1912455	0.1145970402718
1	1913365	-0.1158740131018
1	1920614	-0.0797677406997988
1	1926753	-0.329206860862799
1	1933476	0.2160584369663
1	1934416	0.0181496628532987
1	1938260	-0.2248533284868
1	1938319	-0.181154299847099
1	1947185	0.392561080687502
1	1947736	-0.3095639152983
1	1947774	0.146854059159599
1	1959610	-0.6190225044635
1	1962322	0.1272180951535
1	1966640	0.398762374368101
1	1979100	0.2286000066886
1	1986508	-0.0992885425854002
1	1986783	-0.124440327556741
1	1987466	-0.292503093088799
1	2004541	-0.1529994062029
1	2005215	-0.0586174364943499
1	2005685	-0.485001786208699
1	2005700	-0.1484813525707
1	2010974	-0.1017974605532
1	2013924	-0.0600487370158991
1	2017761	-0.292563463227701
1	2018597	-0.435913257730601
1	2022771	-0.2125495505888
1	2023116	-0.4459014417749
1	2030623	0.250592622047181
1	2030758	0.163973089395
1	2037444	0.0290130447004007
1	2046569	-0.4153670899441
1	2046595	0.160240289489799
1	2049510	0.2765586936197
1	2051829	-0.565524543873101
1	2059541	0.1798671808045
1	2061598	0.079433579128299
1	2063964	0.220500990160501
1	2064928	-0.00188556449869992
1	2067269	0.0722771590413007
1	2071502	-0.4681635449032
1	2072349	-0.1297400684059
1	2072426	-0.4492396001584
1	2072674	-0.630565012849699
1	2073190	0.1183563404623
1	2075650	-0.2711581332028
1	2078579	0.383200132846699
1	2084823	-0.4422618736573
1	2092064	-0.0525636868554002
1	2094841	0.00502180821029974
1	2095738	0.376138987203602
1	2096298	-0.510757632419299
1	2097732	0.4154846564305
1	2100120	-0.0491958033413695
1	2106287	-0.6894489407482
1	2106593	-0.3168789426442
1	2114648	-0.301987323864111
1	2119779	-0.436732889487699
1	2130734	-0.166635710116301
1	2138644	0.0579744885841009
1	2139282	0.5742011344096
1	2143352	0.294152813912099
1	2144532	0.3455004987904
1	2145729	0.5756172300852
1	2146222	0.3126360036898
1	2146586	-0.0495100384921994
1	2157009	0.2887175567467
1	2163499	-0.1186904500426
1	2166178	0.67380762188702
1	2169146	0.2621935277666
1	2174715	-0.0563508400275996
1	2176080	0.0416008769512999
1	2177985	-0.506971456489801
1	2179440	-0.3206820806225
1	2180265	-0.2292526591959
1	2180576	0.245194100037601
1	2183959	0.153511218860901
1	2184509	1.076347080562
1	2195441	-0.260492337907099
1	2195525	0.09301371512767
1	2205769	-0.268707569993101
1	2208598	0.455915313732032
1	2209967	0.33485807891687
1	2213118	-0.152191184222399
1	2217282	-0.0229447933098008
1	2217785	-0.1725343976949
1	2219307	-0.0723849080369998
1	2219338	0.0918163998411998
1	2224111	0.165182128718101
1	2241020	-0.0168199821056998
1	2247723	0.0252841962700998
1	2259808	-0.10564912962629
1	2261924	0.486564807297901
1	2263307	-0.610806791971161
1	2270283	-0.0364429978773
1	2271586	-0.5666950510563
1	2272215	-0.271328699939199
1	2272977	-0.174224128667401
1	2273021	-0.2706972165451
1	2273173	-0.6340396809087
1	2273756	-0.250116707931801
1	2273984	-0.350087188984199
1	2275274	-0.0105375015251994
1	2276042	-0.176102180236631
1	2276268	-0.127053710532801
1	2282495	-0.3948245860479
1	2283061	-0.155229953684101
1	2289487	-0.3142245599413
1	2291551	-0.4138680121492
1	2292629	0.818281854430799
1	2292771	0.0729339757712992
1	2293372	-0.0128236850367998
1	2294008	-0.0506718927779009
1	2295676	-0.131248800852601
1	2296012	-0.483803633995299
1	2297538	0.2477526860936
1	2298084	-0.0277466763117999
1	2298942	-0.120689754201099
1	2309365	0.1699201046147
1	2310562	0.299194291536899
1	2315231	-0.3506151720975
1	2315495	-0.209486294251299
1	2316479	-0.423976180018599
1	2316935	0.112308887758299
1	2317675	0.226356771337299
1	2318574	0.0728697143284993
1	2319424	-0.2368122604038
1	2319429	-0.1587235920036
1	2319521	0.00668166772219969
1	2320212	-0.299251290565101
1	2325378	0.0270490174396993
1	2342140	-0.2023138837754
1	2342677	0.251426700776801
1	2343550	0.499044873927399
1	2345641	0.5621534227897
1	2347670	-0.308006560501999
1	2353187	0.0249193080765
1	2359358	0.313914017023
1	2382508	0.6029225069174
1	2387034	-0.0211818954064995
1	2406285	-0.0889456087118994
1	2408485	-0.3221893360321
1	2408795	0.3214711349443
1	2420477	-0.2193978190151
1	2438167	-0.414367878038099
1	2439571	0.0180175048585003
1	2440254	-0.141209897293001
1	2442415	-0.341200086899731
1	2442429	-0.169867276205
1	2444790	-0.0621152427784004
1	2445493	-0.0659954567216001
1	2445723	-0.3388039376763
1	2446063	-0.691524419735799
1	2448480	0.646925160679899
1	2448493	0.520107709509
1	2448580	0.197321659893401
1	2448658	0.6347515969022
1	2448672	-0.0870372105925803
1	2457438	0.57574662316056
1	2457456	0.665166325627551
1	2457516	0.399831454877599
1	2457904	0.278587083718801
1	2457926	0.633428649208041
1	2458261	0.258845488440642
1	2463118	-0.340698706843851
1	2472781	-0.0310712271166995
1	2491198	-0.0723012542218999
1	2492895	-0.607624446129801
1	2494549	0.0467248596673002
1	2495573	-0.234553426462499
1	2495706	-0.462504465508001
1	2502915	-0.115438348668199
1	2503912	0.357456467926001
1	2505597	-0.311861900274099
1	2505905	-0.145402537464701
1	2511290	-0.219218783023901
1	2512897	0.662404754384701
1	2521216	0.239748451019199
1	2523412	0.0714133741768013
1	2535511	-0.222355419186099
1	2536089	-0.219941350796699
1	2536552	-0.262586149999301
1	2538441	0.4879111230952
1	2539226	-0.985509151570851
1	2542687	-0.0470466970632
1	2543484	-0.192112060916799
1	2543618	-0.40466508425
1	2544148	0.272713725589
1	2558318	-0.444643485892101
1	2568209	-0.294858161141599
1	2569202	-0.695778270787001
1	2684306	-0.13878425697121
1	2691676	0.198001235527199
1	2694497	-0.0317652863083993
1	2694937	-0.2046895725108
1	2699173	-0.219048785110001
1	2699479	-0.0312328968344993
1	2700733	-0.0989991628969698
1	2703187	-0.271404660412319
1	2704250	0.0337560073693997
1	2713205	-0.312412155055499
1	2713412	-0.4117799175807
1	2713892	-0.256517977740199
1	2715812	0.449612716131101
1	2719387	-0.171458242096501
1	2725425	-0.1041272487293
1	2725680	-0.111693043500399
1	2726567	0.3946281625223
1	2729920	-0.206776923455301
1	2730611	-0.619214436546001
1	2738550	0.0226883666740001
1	2738842	-0.7999050800242
1	2739781	-0.6671145609645
1	2744266	-0.187659449462499
1	2744286	-0.179083025946101
1	2744372	-0.758360116096998
1	2750102	-0.101274049763999
1	2751235	-0.678546969277999
1	2756831	0.675024004824319
1	2760319	-0.355873269200499
1	2765043	-0.24463471286359
1	2772453	0.3288055521811
1	2772900	-0.364504465056401
1	2776005	-0.1511726549986
1	2777567	0.22671338896674
1	2778956	0.0261762776524197
1	2778968	-0.193625842869301
1	2779766	-0.751827789502
1	2782661	0.064167534190199
1	2783092	0.0782654488694003
1	2799351	0.42104357065244
1	2802772	-0.014756902529701
1	2807281	-0.202483372646199
1	2815227	0.3309823956732
1	2816023	-0.3024467625886
1	2817984	1.11623930980777
1	2821229	0.1782844399245
1	2821780	-0.3344742858486
1	2823020	-0.0726297453378013
1	2823192	-0.1605211680568
1	2823603	-0.105769934932599
1	2823705	-0.365230820542902
1	2831202	-0.1456890529292
1	2831740	0.000142234536200547
1	2831888	0.35856812180546
1	2834114	-0.0896759472862989
1	2835347	-0.692569688335599
1	2836134	-0.0939588023705991
1	2836837	0.130565277637499
1	2840581	-0.2322363141046
1	2840988	0.0599289515782004
1	2841098	0.0900454492948999
1	2845020	0.47828452779849
1	2847300	-0.203773907408401
1	2848269	-0.557323078925
1	2848710	0.762351004665209
1	2849584	-0.1689776699262
1	2850943	-0.1532493924175
1	2853658	-0.6290256590122
1	2855638	0.0433824484775993
1	2855761	-0.3848108446678
1	2855769	-0.511349956755199
1	2857008	-0.300192506504001
1	2857821	0.0241710482432005
1	2857945	-0.2360865123767
1	2867639	-0.00886305369330032
1	2868226	0.228563298829799
1	2869320	-0.243902191616939
1	2869404	-0.215712714489801
1	2879008	0.111576834763669
1	2891988	-0.109086818783899
1	2892087	-0.288756118296199
1	2893916	0.0209358432519
1	2894587	0.223839147297401
1	2895037	-0.507270894378301
1	2896703	-1.28142273180507
1	2898248	-0.2544708878746
1	2898437	-0.00044517013400025
1	2898859	0.023883984733299
1	2899231	-0.801275546992699
1	2899351	0.311138316842341
1	2904265	-0.0937154534376017
1	2904573	-0.761736028199199
1	2909802	-0.159156472173601
1	2911720	0.359700745695399
1	2911769	-0.306544385567399
1	2911880	0.192667346314199
1	2915382	0.3523484871693
1	2915753	-0.19136799706728
1	2916415	-0.1453777779635
1	2921187	0.0709538896020003
1	2922083	-0.0514693613733996
1	2922306	-0.2029443965843
1	2924172	-0.324712761124399
1	2924877	-0.0563247429404203
1	2926340	0.7497649726071
1	2926730	-0.376408858631301
1	2927172	-0.27122901421099
1	2928557	0.135542589665699
1	2930133	-0.339256785235602
1	2930478	-0.417935553125499
1	2936586	0.342511006058301
1	2937577	-1.21726999589605
1	2937769	-0.0271079077707999
1	2937880	0.1683155573386
1	2939927	0.0994329509335987
1	2940194	-0.645300123158901
1	2940230	-0.336264215831299
1	2940257	0.0717916444079005
1	2941066	-0.473536585971098
1	2941694	0.387844597215601
1	2942700	-0.175687442627
1	2946526	-0.2656122945825
1	2946976	-0.280234761671801
1	2947460	-0.880948197056901
1	2947647	-0.8585055908797
1	2949470	0.0678676059562004
1	2950271	-0.6074704524508
1	2950365	0.13695824118459
1	2957085	-0.533188380521501
1	2960790	0.0163804462693999
1	2961417	0.127294861838699
1	2962294	-0.776170623928159
1	2963182	-0.348541729163999
1	2964072	-0.223446807690999
1	2971701	0.174915766737801
1	2972481	0.255240906105801
1	2984565	-0.0426053296263991
1	2984577	-0.192574834346601
1	2986056	-0.124420676818401
1	2986462	-0.124136476521301
1	2990784	-0.3569544377466
1	2991932	0.71542371604146
1	2992174	0.4244952755997
1	2993167	-0.2530142989394
1	2993349	-0.5413748379951
1	2994217	0.6154177485507
1	2999829	-0.0417723982166986
1	3000446	0.542842568271601
1	3015572	0.0196841468991984
1	3015960	-0.1846755424063
1	3016120	-0.1915003705173
1	3024980	-0.0106815131539015
1	3028390	0.41361020678657
1	3034041	0.0387339599685994
1	3034837	-0.0266103064963996
1	3037112	-0.189215257429199
1	3039573	-0.16764067345111
1	3040454	0.1753612977174
1	3043966	0.249008991067399
1	3044129	-0.621058125445598
1	3048230	-0.2226553822511
1	3058506	0.232141447343301
1	3058860	0.444373842569
1	3060195	-0.3758128360474
1	3066270	0.0257670010993998
1	3069879	-0.209855425625001
1	3070715	-0.183758115979201
1	3070800	0.40217681242769
1	3079347	0.324709148736801
1	3079709	0.0918123229164003
1	3081134	-0.128375946532302
1	3084691	0.2299654118486
1	3084986	0.232257562428801
1	3091213	0.135892499087801
1	3091622	-0.0299064224356993
1	3091723	-0.3139767938167
1	3091800	-0.3558681330307
1	3093172	0.237654824583499
1	3098377	0.0748443422653988
1	3098629	-0.30893225432974
1	3100595	-0.110568773194501
1	3102277	-0.227294198713901
1	3102839	-0.1097153943082
1	3104812	-0.90093522698481
1	3109349	-0.1737248027185
1	3109589	-0.189607158942
1	3113601	-0.0708343617321994
1	3114015	-0.0390158248698
1	3116505	-0.849548310704401
1	3116935	0.569641526644689
1	3116997	-0.454114619074
1	3117398	-0.560464853300099
1	3117785	-0.1896137526481
1	3120007	-0.25498352009541
1	3120451	0.2866784823226
1	3125035	-0.187621943162901
1	3126718	0.3978021517584
1	3127773	0.06888796663082
1	3127816	0.717907083484301
1	3127996	0.0107681836609999
1	3129776	-0.0976698040418
1	3131476	-0.0172590901406
1	3132656	-0.214459760101501
1	3136357	0.524107532616499
1	3136890	-0.410550683047671
1	3137685	0.022228506319399
1	3138557	-0.3937782595263
1	3142828	-0.0130217551899001
1	3145650	-0.1896373467677
1	3146003	0.2846755544236
1	3155127	-0.0577893129512006
1	3155950	0.1369327502433
1	3159018	0.16692476453909
1	3162562	-0.0465539924599003
1	3162963	0.0409601169451008
1	3163871	0.4264917004836
1	3165498	0.438250261176901
1	3166321	0.0276200384070009
1	3167340	0.838822264521701
1	3169159	-0.300871719585199
1	3174846	0.0453143183889004
1	3178365	-0.0356536677159003
1	3180800	-0.0614993348955011
1	3181337	-0.5485196389923
1	3187340	0.612153807926399
1	3187607	-0.897223529518499
1	3189344	-0.277032720929421
1	3190197	0.533907774376601
1	3192305	-0.137189560188
1	3192757	-0.345074849561001
1	3198235	0.0920205403229009
1	3202288	0.0330039833939004
1	3202806	-0.1696181755986
1	3204592	-0.1879037601781
1	3208189	0.244498060722599
1	3208471	-0.208400445856199
1	3208783	-0.274266225310601
1	3209961	-0.136086054810299
1	3210020	-0.416698293914701
1	3210912	-0.186026218359199
1	3211231	0.221350864889001
1	3211481	-0.103284640319099
1	3211973	-0.6619718627342
1	3212194	-0.287018094558601
1	3212330	-0.010244140597699
1	3212487	0.222395843851901
1	3212512	-0.610093316773
1	3214519	0.5763228921025
1	3215195	0.177119310072399
1	3215617	-0.0507408479327989
1	3215800	-0.0898995303351011
1	3216074	0.468793960410599
1	3216476	0.201258278098999
1	3216693	0.147872650319579
1	3219118	-0.0685386246786006
1	3225329	0.11215128391933
1	3225416	-0.510846178836101
1	3225901	-0.1881060536237
1	3227034	-0.160027066358499
1	3227069	-0.0915590422959003
1	3227412	-0.0536122507481007
1	3227606	-0.0550892459472987
1	3230995	0.5001579403504
1	3241867	0.0709700066755001
1	3241964	0.0686368791443996
1	3242480	-0.1604728639713
1	3243801	0.0294061226404008
1	3243960	0.0634897146365994
1	3244141	-0.160604013111799
1	3244968	-0.636561738625101
1	3245399	-0.0343007522941008
1	3245968	0.262679342279201
1	3246062	0.2744929348644
1	3246919	0.0316527571582004
1	3249537	-0.1223562537111
1	3251542	0.2166401686324
1	3257210	-0.352643613141401
1	3268819	-0.0936440650693697
1	3269184	-0.1551326094707
1	3270675	-0.3450745410726
1	3273163	-0.5171588950155
1	3273388	-0.2244975551711
1	3275010	-0.0451299898887001
1	3275091	0.171284103030001
1	3275488	0.109214494771301
1	3276113	0.498389407967
1	3278397	-0.349966912885099
1	3281484	0.360481921945199
1	3281618	-0.461605300507291
1	3281901	-0.4569073792327
1	3284090	0.315480350290999
1	3284282	0.241513938456601
1	3284832	0.358353381135299
1	3287246	-0.105384751170899
1	3287498	-0.1432865394282
1	3288179	-0.2064188856141
1	3290990	-0.0274658516950996
1	3292731	0.0926172817909006
1	3295363	-0.59115351067436
1	3297247	-0.240023375087301
1	3297894	-0.4011346345299
1	3298161	-0.308881023986201
1	3304456	0.300468358936399
1	3306616	0.0267665055033
1	3306642	0.2163602740786
1	3308574	-0.0174011024893996
1	3308838	-0.584320641810699
1	3314897	-0.0606903035583013
1	3315954	1.04299639855602
1	3316031	-0.1316715928431
1	3316656	0.0605506410303995
1	3316664	-0.127942919903401
1	3317330	0.285355375882201
1	3323455	-0.619809041686
1	3326482	0.0484640906673004
1	3327269	-0.205960978722699
1	3327412	0.0218096831533998
1	3328209	-0.0184380190229998
1	3329199	0.258852003575701
1	3330095	-0.0734076266562997
1	3330590	-1.55020714379453
1	3330715	-0.493815325394099
1	3333002	0.0689966882200999
1	3334075	0.534679683048999
1	3335005	0.0819742432781005
1	3336208	-0.3709704341783
1	3343809	0.375460434038601
1	3347663	-0.1016608749882
1	3353296	-0.0352759707269001
1	3353385	0.50155439178922
1	3353899	-1.1564299295109
1	3355609	0.1650677568242
1	3356353	-0.2428809634632
1	3357928	1.9281828143177
1	3357991	-0.4410874068281
1	3358003	-0.2169174692817
1	3367203	-0.0684083996089004
1	3367302	0.0013916912854004
1	3367412	0.283012888457
1	3369917	0.0720992058893
1	3384110	0.2920923968632
1	3390651	0.2516538525282
1	3390992	0.0447851681662694
1	3391068	-0.519234505755399
1	3392800	0.2527014107076
1	3393312	0.0764476876693987
1	3394087	-0.3712735557024
1	3394876	-0.240374578016601
1	3394935	0.0400457915944994
1	3394994	-0.41830279798304
1	3395156	-0.619778046192099
1	3396651	0.227664347253061
1	3409995	0.0308246983112994
1	3411446	-0.000755362918900104
1	3431242	0.141321789730299
1	3436673	0.3700403143439
1	3464504	-0.357800021310601
1	3464524	0.212590817494071
1	3464580	0.4853245971569
1	3464637	-0.343385473642501
1	3464711	-0.0669761277646987
1	3465061	-0.0279995581839998
1	3466139	0.3718012138883
1	3470009	-0.231071728883501
1	3483939	0.304647150190702
1	3487785	0.6984799516298
1	3488927	0.0331086055930996
1	3490919	0.470892200772699
1	3492836	0.276078016810301
1	3492996	-0.0150533726892004
1	3493332	0.41520101291786
1	3493564	-0.3731984848982
1	3493933	-0.0973149151284005
1	3502201	0.2717733371513
1	3502376	0.70552129131187
1	3511985	-0.3187023222024
1	3525505	0.00273996401580057
1	3525590	-0.402202974947301
1	3525785	-0.3789735726664
1	3528361	0.0671640767242998
1	3528942	0.3116031133763
1	3529341	-0.500812032721401
1	3529523	0.37347539169234
1	3530085	-0.0749047424787008
1	3533978	-0.106424510057199
1	3534056	-0.0406321068535007
1	3534146	-0.4747477542751
1	3534196	-0.279861079740339
1	3534206	-0.1164430623664
1	3535353	0.1754377129666
1	3535472	-0.7701736109153
1	3538692	-0.443342548886699
1	3540459	0.1056742022711
1	3542312	-0.252094681865101
1	3543099	-0.5770351377718
1	3544449	-0.569319273863801
1	3544484	0.208881561601149
1	3545642	-0.15627825631813
1	3548122	-0.1095453193676
1	3549240	0.0252313581171997
1	3555686	0.3734856553322
1	3565693	0.136063145139001
1	3565789	-0.244302525011401
1	3566057	-0.0633995772221994
1	3567181	-0.5361236332477
1	3568673	-0.410537219014181
1	3571821	-0.1432423793401
1	3573119	0.0962420774866999
1	3575080	-0.158356880264801
1	3575095	0.0754239261246994
1	3575198	-0.0178958097340001
1	3575214	-0.0274361097743991
1	3575230	0.0468830311152004
1	3576110	0.148929901161701
1	3576310	0.310093760165591
1	3577365	0.3119579269294
1	3579570	-0.402889528449991
1	3579931	0.343406779227001
1	3581308	0.2337148099061
1	3586667	0.196727338088001
1	3586682	-0.00771457677090126
1	3586759	0.173260957281141
1	3586850	-0.38745961614776
1	3586904	-0.119752069099999
1	3586945	-0.4385014686963
1	3597380	-0.175262120258799
1	3598454	-0.00697880648229976
1	3598677	0.1617153158103
1	3598822	-0.364349423623199
1	3598868	-0.0609396270234015
1	3604341	0.0429539868028996
1	3604437	-0.9867330924993
1	3604467	-0.2726535372223
1	3604558	-0.612231579698541
1	3605812	-0.225751919107701
1	3605851	-0.484076513694401
1	3610040	-0.782992799038599
1	3612166	0.529652980235261
1	3618138	0.49027187591002
1	3618149	-0.229439103666699
1	3618184	0.433753009158099
1	3618228	0.610960464276401
1	3618243	0.320624402346201
1	3618248	0.2253920692413
1	3618537	-0.0621018114103009
1	3631467	-0.0691279367944002
1	3631475	-0.261457257984899
1	3631485	0.341282945902799
1	3631545	0.5861810018525
1	3631554	-0.0424036389882012
1	3636885	0.38281841659926
1	3636901	0.285657628553279
1	3638128	-0.163803357892
1	3638205	-0.3164953813745
1	3642477	-0.0561246720185213
1	3644410	0.00740029661789876
1	3644455	-0.248161958524499
1	3644548	-0.0597296278038009
1	3644784	-0.335791082284899
1	3644804	-0.5058478872227
1	3645097	-0.0392035099655992
1	3645252	-0.2160725208494
1	3645265	-0.508281029203301
1	3645371	-0.3086316750826
1	3645396	-0.278040747469699
1	3651281	-0.0688763844375995
1	3655727	0.0465046867565988
1	3656162	0.4772734924586
1	3656739	-0.3826545090854
1	3658613	0.1141703891308
1	3660065	-0.182608614375601
1	3660887	0.0780332553495988
1	3666458	0.1106587186539
1	3670589	-0.318610623114939
1	3671691	0.531691150653101
1	3671930	0.3055628374142
1	3674045	-0.0685431640405998
1	3675301	-0.3842850446614
1	3676178	-0.0645393712294009
1	3681712	-0.255468270932699
1	3684507	0.622321452029601
1	3684971	0.0999096583205006
1	3685860	0.0600836287805002
1	3685895	-0.121537513273299
1	3686216	0.368098101971698
1	3686352	-0.207131386747401
1	3686396	-0.0328178705947
1	3686467	0.752838012284801
1	3686499	0.205443137163501
1	3688807	0.0529574600844001
1	3689052	0.0702588245196996
1	3690076	-0.0183804930495004
1	3691081	0.0816736352556013
1	3694388	0.249859191256801
1	3694921	-0.0124322598225
1	3695086	0.0635832957114992
1	3695845	-0.1805810639404
1	3697753	0.322507455788001
1	3700009	-0.0160293530811
1	3700182	0.2720710391075
1	3703893	0.00538515606340084
1	3704343	0.0954788671967997
1	3707264	-0.2719191796864
1	3708917	-0.2919675117327
1	3710421	0.1379184222354
1	3710825	-0.0505837221796011
1	3710887	0.32755528695
1	3715405	0.162077323377501
1	3716186	0.2798041382236
1	3716262	0.0349576833586998
1	3720295	-0.4480814653654
1	3722499	0.2944412859884
1	3722567	-0.00673006230840123
1	3722642	0.142080445301199
1	3723021	-0.114073440100299
1	3725445	-0.2805737934184
1	3726179	0.0650425316279009
1	3729983	-0.621503878148781
1	3730458	0.280639260721701
1	3732117	-0.1795080160505
1	3733179	-0.254491884750799
1	3733251	-0.0762272453082993
1	3733293	0.4528027806104
1	3733563	0.16002570219
1	3733944	0.170166300010999
1	3734121	-0.407552014164599
1	3735784	-0.0845751826414993
1	3736570	-0.0600107473145997
1	3736738	-0.0956830089430998
1	3737463	-0.3888588147734
1	3741789	0.1014983827235
1	3743673	0.1343567650312
1	3744062	-0.0777851608131002
1	3745181	-0.454505869764899
1	3745778	-0.282742195800099
1	3745934	-0.665166285311701
1	3746015	-0.7355467517833
1	3752622	-0.413548222651301
1	3752749	-0.156925539031599
1	3753024	-0.550144813641301
1	3753427	-0.635815036544699
1	3753657	-0.497159631092501
1	3756100	0.183797497220999
1	3756146	-0.473778186794402
1	3756301	-0.4277721634403
1	3759091	-0.337952974517799
1	3759122	-0.142037937903
1	3760789	0.0985237898219999
1	3761208	-0.2210129815481
1	3761264	0.214650625110801
1	3762219	-0.323046244569602
1	3767093	-0.451958598864699
1	3767243	-0.3002240118744
1	3770903	-0.0455752588747007
1	3775322	0.305909309859549
1	3776384	-0.342023720804461
1	3778972	-0.327529044247701
1	3781522	0.4877001856016
1	3782580	-0.2900334218329
1	3782661	-0.0016234971272997
1	3782827	-0.257861073156301
1	3784133	-0.284146886481201
1	3791688	0.0244450851063007
1	3792072	-0.264100670526799
1	3793038	0.0402807252073014
1	3794958	-0.5425111989342
1	3795115	0.0706050831955984
1	3795498	-0.082437712094201
1	3799622	-0.1505024170384
1	3801650	-0.562508050985199
1	3802708	-0.421277202412531
1	3804399	0.402503655655702
1	3804764	0.730648988222359
1	3809197	0.2923563278685
1	3811732	-0.438049942846501
1	3812563	-0.0418995420122013
1	3813129	-0.8540559442524
1	3897058	0.249021164683199
1	3897503	-0.00703129001950131
1	3899452	-0.150270167741299
1	3899497	-0.0179335125903002
1	3901529	0.634637415393501
1	3902692	-0.0283790707758005
1	3903676	-0.2118197346787
1	3903754	-0.5528822528203
1	3904110	-0.346771754738999
1	3904725	-0.7006905483004
1	3905920	0.0385311472389009
1	3906856	0.2437930626891
1	3906970	-0.0730727971387992
1	3907304	-0.3260931242365
1	3907418	-0.130800045749101
1	3908197	0.00663817826869995
1	3910668	-1.13162004917212
1	3911499	-0.157582535821099
1	3912093	0.2127603209145
1	3915242	0.0528406007738997
1	3917896	-0.627720539996599
1	3921278	0.308786661914299
1	3922104	0.237090151792799
1	3922325	-0.294119767804901
1	3922670	1.0622662492507
1	3923684	0.0127862409231998
1	3925928	0.5525501952916
1	3926588	0.00265336755239964
1	3927450	-0.0462058672546988
1	3928142	-0.485543020268901
1	3928784	-0.338899339003301
1	3929445	-0.6559391040664
1	3929593	-0.0645708595625987
1	3930886	0.165045611528999
1	3930939	-0.201942299456299
1	3931128	-0.1703459528108
1	3931187	-0.1048429360496
1	3933957	0.088711522468401
1	3935397	0.00313795139039996
1	3936055	0.3509856682745
1	3939005	-0.0912840515742985
1	3939300	-0.308575044280401
1	3939375	-0.2119804132486
1	3939693	-0.3503098255088
1	3940015	-0.4752758359617
1	3940114	-0.983848727298019
1	3948083	0.0481294624855995
1	3948598	0.61318981576075
1	3950321	-0.418691208258601
1	3953927	-0.000766560982000897
1	3955140	-0.0529895578129
1	3955487	0.0715843042510009
1	3956744	-0.4528458760934
1	3957262	-0.226782037723199
1	3969548	-0.8867237317004
1	3972924	0.375322762938499
1	3973564	-0.262561940720001
1	3974302	-0.0270687249396993
1	3977950	0.1413588275905
1	3978308	-0.2372234854148
1	3978595	0.0289765899064012
1	3978636	0.390764906356599
1	3980624	-0.0277592031821996
1	3980640	0.168466877848941
1	3982587	-0.4317060773819
1	3982891	-0.4720351089112
1	3985761	-0.143131309024801
1	3985837	0.07524779539186
1	3986258	-0.2563942961173
1	3986687	-0.1820028116899
1	3988199	0.108293617167799
1	3988267	0.30493054025767
1	3988946	-0.418381961791301
1	3989119	-0.600016409118799
1	3989473	-0.24722982788
1	3990115	-0.2363194808248
1	3992764	0.384528456480899
1	3994955	0.2649150413597
1	3995610	-0.733834841780499
1	3997148	0.0884667214475989
1	3999345	-0.517232762855601
1	3999689	-0.26854136641
1	4005014	-0.125270598160501
1	4009238	-0.238101014469999
1	4011601	0.3076161664337
1	4012956	-0.0763980531159003
1	4015504	-0.243936974229101
1	4015891	0.0622559341785998
1	4016464	0.112774387998199
1	4016519	0.1952493907791
1	4017414	-0.0492339304626999
1	4019022	-0.705415698938602
1	4019282	0.19884455152083
1	4019522	-0.145661174144001
1	4020416	-0.1764714244073
1	4020709	-0.1016461609603
1	4020758	-0.1239330083204
1	4030544	0.0345091667673003
1	4031109	-0.267676942024499
1	4031541	-0.1074608229669
1	4031878	0.1894473658304
1	4031986	-0.1042864071143
1	4032637	0.185197235859901
1	4032742	-0.1021388147064
1	4033101	-0.1116390304877
1	4034941	-0.221433281282499
1	4035925	-0.252645593306699
1	4036902	-0.3438639820069
1	4039791	-0.1225336423065
1	4040395	-0.2661647558281
1	4043371	-0.520919455110201
1	4044169	-0.099093714617501
1	4045475	0.0392546889389003
1	4049278	-0.0574799587391812
1	4050038	-0.724577189563099
1	4050645	0.1259102718239
1	4050957	-0.113390929518001
1	4052788	0.262373392382601
1	4057058	0.107396002527899
1	4057702	0.3323226606741
1	4058480	-0.554016154875601
1	4058594	-0.1882635178823
1	4058815	-0.328269066116601
1	4059104	-0.3547919987128
1	4060764	-0.376554967989199
1	4065058	-0.185598548490001
1	4065544	0.243677220896499
1	4065864	-0.446549494293199
1	4066494	-0.0377590244605006
1	4067080	-0.4309790987718
1	4067145	-0.2788083759831
1	4071190	0.2435128808516
1	4071203	-0.2014644255867
1	4071646	-0.1245937672066
1	4073366	-0.0165305002929994
1	4073976	0.2769744353146
1	4075966	-0.137125066254699
1	4077758	-0.277584326838559
1	4078163	-0.0870589865645996
1	4082645	0.199138940166
1	4082840	-0.00257688564800063
1	4082866	-0.113998087536299
1	4083118	-0.0561916460726994
1	4083416	-0.2851513117112
1	4090126	-0.384078212919299
1	4094572	-0.710516864383401
1	4097278	-0.965510355271499
1	4098530	0.2909859383293
1	4101675	-0.1547371950703
1	4103311	-0.336750724333401
1	4105518	-0.331041675893401
1	4105895	0.0276904402072997
1	4106070	0.511666747873301
1	4106148	-0.3705727975979
1	4107031	-0.5014293146457
1	4108778	-0.1691604979735
1	4114688	-0.223589831673099
1	4116948	-0.1564886028969
1	4120161	0.293432761428299
1	4124418	-0.225637653155099
1	4124507	-0.6874667616644
1	4126872	-0.4042343089863
1	4127180	-0.562497978657399
1	4127324	-0.459762648698
1	4133637	-0.0111750671579003
1	4133670	0.3311996997633
1	4134686	0.0621168868063897
1	4135543	-0.0328610655756005
1	4135628	0.506330271902959
1	4135674	-0.121403044162401
1	4136842	-0.0261546314567997
1	4137463	-0.1768827779087
1	4137844	-0.1304397963962
1	4140721	0.291327728920601
1	4142446	-0.263929008520201
1	4153473	0.0508663981299993
1	4159622	-0.107565261065
1	4162789	0.5520448035521
1	4162923	-0.42006775312284
1	4163843	-0.142214454877299
1	4165418	0.660639232309
1	4166887	-0.1043372526523
1	4168097	0.422405634590101
1	4168454	0.0520921491095994
1	4168730	0.128875407553499
1	4172168	0.0244603226575002
1	4173702	0.0457441545735993
1	4173923	1.4220683766742
1	4175032	0.5218573555555
1	4175151	-0.207526312771201
1	4180030	-0.00866080344310127
1	4180490	-0.1858879808299
1	4180688	-0.550801722717001
1	4181020	-0.501200726154499
1	4181570	-0.6766983828043
1	4181670	-0.2673698512836
1	4182860	-0.232928653319199
1	4183175	-0.3071558808027
1	4183884	-0.1294252287741
1	4184519	-0.0532698501541997
1	4184779	-0.103856523556301
1	4184820	-0.610154552866399
1	4185851	-0.104993350084699
1	4185896	-0.131151651548199
1	4186545	-0.314098454489001
1	4191147	-0.2495815812164
1	4191724	-0.505350204327401
1	4198794	0.3337099914608
1	4199587	-0.1975247628296
1	4201941	-0.15583283086433
1	4202021	0.128484676734601
1	4208764	-0.435471163510199
1	4208894	-0.548578691279801
1	4211846	0.101125845730399
1	4216404	-0.290414024920601
1	4216548	0.318510259961229
1	4217226	-0.487619792515099
1	4217631	-0.0469482111413999
1	4218307	0.388960733015951
1	4218797	0.00452133587270076
1	4221153	-0.287977126897799
1	4221327	-0.051344454386701
1	4221946	-0.0169506130690014
1	4223293	-0.6853566388373
1	4223466	0.23279407172876
1	4225899	-0.328547525353899
1	4226228	-0.0387931459545996
1	4226672	0.0069607857725984
1	4227476	0.0524344432827011
1	4227495	-0.394279137822901
1	4227724	-0.0760409853379009
1	4228626	-0.1790493838693
1	4229456	0.172792168232091
1	4231643	-0.2302838766271
1	4240737	-0.202873718223401
1	4240851	-0.224912165175901
1	4242464	-0.1120715389208
1	4242619	0.598965993911261
1	4243294	0.1250538016898
1	4243405	0.1635914897817
1	4243441	-0.142347896954
1	4243595	-0.0979971926764005
1	4244063	-0.0401707522807992
1	4245358	-0.3176887894882
1	4246139	-0.358017530537101
1	4249656	0.146938673599999
1	4250719	-0.713337536275699
1	4251319	0.0611764488729989
1	4251748	-0.0750322870555991
1	4252570	-0.1452942358624
1	4254322	-0.2507244244637
1	4255798	-1.461187362467
1	4258055	0.231322911756179
1	4259243	0.2292910673472
1	4264086	-0.1159477820613
1	4264267	-0.312839356707
1	4264332	0.2962795126742
1	4264424	-0.5670667088767
1	4264495	-0.26898909714608
1	4266825	-0.0997730003270991
1	4267183	-0.0587460692930986
1	4267249	0.3229098644633
1	4267442	-0.0570123240617004
1	4267577	-0.00436995169349963
1	4267670	-0.0979857935222999
1	4267738	-0.00697877370060063
1	4267782	0.0792235788489002
1	4267886	-0.211734574478299
1	4268076	-0.594664909859
1	4268131	0.00287752961489929
1	4268164	-0.324793681729499
1	4268301	-0.2797994686048
1	4268679	0.0542768784796994
1	4269934	0.0794886824508012
1	4270206	-0.0338715501090991
1	4270245	-0.1725751612365
1	4271630	-0.251243260464699
1	4271723	-0.4275844844913
1	4271809	-0.829634269369599
1	4271909	0.360257782110502
1	4272456	0.263355786303601
1	4276676	0.341214139102229
1	4276892	0.00979690079450002
1	4277771	-0.66287337987
1	4277994	-0.196942295250699
1	4279587	0.202542395643201
1	4279737	-0.251292062286598
1	4279818	-0.330483710914001
1	4280055	0.00592160659300056
1	4280204	-0.0260918778983008
1	4280241	-0.2717699048873
1	4280378	-0.368131657186
1	4280876	0.0323431320308991
1	4281068	-0.0366237530433011
1	4285039	0.117097008168301
1	4285111	0.133976915277399
1	4285365	-0.394789501994
1	4285608	-0.158565209921301
1	4286878	0.3522007741041
1	4288618	0.0297986579790006
1	4288745	0.0519503990103001
1	4289059	0.222981016633449
1	4289122	0.414279688532401
1	4289471	0.167630874504301
1	4289984	-0.195195155544001
1	4290071	0.369454919224101
1	4290090	0.068532914195
1	4294880	-0.141718134611601
1	4295095	-0.291161637131299
1	4296342	-0.587177741869901
1	4296412	0.221931421240701
1	4297774	-0.209346197674
1	4298188	-0.110569277868999
1	4298556	-0.1694454380797
1	4300171	0.229589383265319
1	4300761	-0.6454564481067
1	4302574	0.1494908597485
1	4302712	-0.0897927123527005
1	4302761	0.38800445446426
1	4304832	-0.315198629837301
1	4307845	-0.3604484095123
1	4307935	0.433559653440101
1	4308166	-0.0281272130489985
1	4308192	0.142128763166699
1	4309356	-0.211380967572499
1	4310033	0.520304301278591
1	4313946	-0.0279309178391003
1	4314014	-0.4582960558492
1	4314576	-0.102865340105099
1	4314684	-0.1113814957037
1	4317748	0.33083223760552
1	4317821	-0.325112890264
1	4320585	-0.208269117442599
1	4320933	-0.622526565581099
1	4321865	-0.513645381006901
1	4322090	0.027105906466101
1	4323756	-0.1411776915598
1	4323959	-0.0968083102566002
1	4323975	0.277552889352201
1	4324005	-0.0175774449453989
1	4325624	-0.5472675737568
1	4325736	-0.105453765860499
1	4326278	0.1807365101517
1	4326338	-0.173733269658301
1	4326657	0.2424227116936
1	4326943	-0.7074627121275
1	4327295	0.1515565086219
1	4327383	-0.252337684211399
1	4327422	-0.206089058175001
1	4328455	-0.1791190415932
1	4334834	0.104500691596899
1	4335130	-0.181931780969402
1	4335536	-0.141235682883
1	4335881	-0.4010156329275
1	4340458	-0.126780986537399
1	4340609	0.2263272791735
1	4340773	0.1663511686895
1	4340838	-0.00256139175199976
1	4341027	-0.4962019509861
1	4341785	-0.568313841803199
1	4342174	-0.00511074407789991
1	4342347	-0.148804749879499
1	4342968	0.2150714299909
1	4343246	-0.113761256550902
1	4344399	0.303774129364401
1	4344566	-0.0627047802903995
1	4345778	-0.71163718738589
1	4347281	-0.136949011749099
1	4347327	-0.20411801233799
1	4347955	0.0580994213401009
1	4351536	0.0303414178985992
1	4353033	-0.2075592790217
1	4353164	-0.3431413359804
1	4353680	-0.428051872436601
1	4354372	-0.8410318570825
1	4355275	-0.0616237058308009
1	4355907	-0.3518570573505
1	4356137	-0.00651996081669992
1	4356393	-0.00773968688790028
1	4356972	-0.604970528801999
1	4357104	-0.392648694770099
1	4357928	-0.308556125795301
1	4358909	-0.0235871107883003
1	4359480	-0.604955138957001
1	4359549	-0.361544878552801
1	4359563	-0.157691088136319
1	4360122	-0.204908274845
1	4360181	-0.0865149445490001
1	4360565	0.2234806395044
1	4362320	-0.442493562166
1	4362764	-0.607289631526399
1	4363787	-0.105952382411099
1	4364302	0.631826290389
1	4364793	0.00744533748160059
1	4365734	-0.187551706894201
1	4366395	-0.144400809572
1	4366666	-0.447016729313001
1	4367834	-0.353375785773901
1	4369126	-0.1237433749865
1	4370389	0.023472860183201
1	4371234	0.0216296240128013
1	4371294	0.0432529291278989
1	4371593	-0.318851175573601
1	4371744	0.2057116807926
1	4371886	-0.0996916965448005
1	4376244	0.4362253170054
1	4377771	-0.2202381192928
1	4381075	0.00694638971360106
1	4381492	-0.574280359069101
1	4381862	-0.195027287612701
1	4382470	-0.197829864108812
1	4384193	-0.3551695629634
1	4384912	-0.5697165024627
1	4387223	0.4686593971528
1	4387595	-0.326884027206901
1	4390198	-0.4313651795564
1	4390481	-0.186561105886099
1	4391015	-0.8056226019342
1	4391607	-0.00154561021699884
1	4392284	0.216805449078999
1	4393548	-0.1115104347436
1	4396519	0.1065689519796
1	4396566	-0.1009629265491
1	4396957	-0.175131038117501
1	4396978	-0.7805809439706
1	4396990	-0.3397216957793
1	4397146	-0.787772318223499
1	4400296	0.2504651300472
1	4401738	-0.3500282444614
1	4401778	-0.0669078164289996
1	4401844	-0.1995834236323
1	4404291	-0.1791655307045
1	4404431	-0.092765345219501
1	4404787	-0.301630850133598
1	4405372	-0.516507095307301
1	4405514	-0.1555965193728
1	4405826	-0.264575266521801
1	4406705	-0.3374638982752
1	4407623	0.231105394226701
1	4407795	-0.2757248744739
1	4408208	-0.231209071058199
1	4410280	-0.4327476185655
1	4410546	-0.6397574485086
1	4421596	-0.1835457383881
1	4422326	-0.260751513848801
1	4423217	-0.1469663743294
1	4423270	-0.6123253089406
1	4424852	-0.2929406289742
1	4424951	-0.1058222485734
1	4428550	0.473273452165399
1	4428963	-0.0778297623343001
1	4429404	0.0235059624205007
1	4430820	-0.731446695283729
1	4431198	0.206281822938799
1	4432544	0.1729821304426
1	4432571	0.1268589831902
1	4436045	-0.604384165419201
1	4436536	-0.853961589934199
1	4436780	-0.613315750325301
1	4440295	0.1066381133304
1	4440655	-0.590417243859301
1	4441127	-0.3509091875263
1	4441285	-0.0162646094327989
1	4441304	0.0406241837932999
1	4441887	0.3891665026854
1	4443102	0.2449418291461
1	4444653	-0.105558096007901
1	4446069	-0.122700151795101
1	4448961	-0.132745380026199
1	4449167	-0.416476218524501
1	4449240	-0.495702833385399
1	4449262	-0.207052280036701
1	4449793	-0.126330920444701
1	4450613	-0.313687649683699
1	4451315	0.0784472908266007
1	4451539	0.157305035754099
1	4451919	-0.1018998615003
1	4451949	-0.0400722709253003
1	4452163	-0.490756877635
1	4453952	-0.182188987925381
1	4457126	0.599805106638021
1	4457814	0.976488078900941
1	4457873	0.4102130487569
1	4458652	0.0229632998540996
1	4458832	0.1053180600071
1	4459344	-0.631884351500901
1	4459761	-0.0377032828347001
1	4460563	-0.2120751723031
1	4461025	0.0460588249110998
1	4461327	0.445736408442299
1	4461905	0.089879253125499
1	4462130	0.2686427013216
1	4462771	0.122857146590301
1	4463607	-0.0608654157816986
1	4464544	-0.1821434638076
1	4465766	0.0745367481471995
1	4465913	-0.492996341823199
1	4465925	-1.1020380607152
1	4467955	0.0684320973780999
1	4469383	-0.2381608400466
1	4469407	0.170267950203399
1	4471600	-0.1090165763664
1	4471789	-0.3539738652085
1	4474261	0.109637962965499
1	4475254	-0.5090220602677
1	4476830	-0.290088195045
1	4476980	0.393916852703599
1	4477608	-0.193953252732301
1	4478355	-0.383779988133401
1	4478588	-0.3897572783158
1	4478650	-0.322911346520499
1	4478753	-0.101571281172001
1	4479099	-0.204366382010999
1	4479118	0.1903319515796
1	4479478	-0.219581941274798
1	4479841	0.1354737358854
1	4479995	-0.5492802286408
1	4481126	-0.778631178410199
1	4481198	-0.751826982407
1	4481483	-0.8173086282911
1	4481949	-0.9255187542839
1	4482059	-0.541087799761401
1	4483413	-0.1633215404922
1	4484229	0.1922423220242
1	4486040	-0.835354405899501
1	4486466	-0.3965330329507
1	4487037	-0.489394484187001
1	4487379	0.139117486292999
1	4487455	0.0178580319257993
1	4487808	-0.3526451540588
1	4487829	-0.2361001531421
1	4493474	-0.5896661195271
1	4493524	-0.1407912009395
1	4494206	-0.23352861988956
1	4499761	-0.0958436049648004
1	4502894	-0.181796639896401
1	4503184	-0.688688118067901
1	4503728	0.271410556309499
1	4503964	0.0800007183436993
1	4505263	0.270584523683
1	4505282	-0.416231673419199
1	4505790	0.53262716682522
1	4506137	0.414132288351301
1	4506331	0.393750311883801
1	4509552	0.492780036735999
1	4510008	0.0289220553669001
1	4510037	-0.31475772083804
1	4510110	-0.1451578227048
1	4511159	-0.6680663515603
1	4511295	0.0459335108941996
1	4512700	0.965742137189
1	4514372	-0.0905185142043994
1	4514636	-0.4589586166645
1	4514682	-0.5262658118502
1	4514873	-0.516292352626701
1	4515191	-0.3063379331233
1	4515669	-0.2387492144641
1	4515926	-0.182943135792401
1	4515962	-0.619234874795501
1	4517716	-0.281953829716199
1	4519377	-0.270029015840301
1	4519901	-0.3936350246264
1	4520856	-0.5182416434308
1	4525049	-0.0861988120778996
1	4527839	0.0965393632443998
1	4527853	-0.499283777482201
1	4528430	-0.220457072004001
1	4528678	-0.320403404445599
1	4529268	-0.481136175417699
1	4529742	0.0911809410431008
1	4530202	0.216681846799901
1	4530343	0.0479923466277992
1	4531126	-0.113127102599499
1	4534838	-0.3735437724007
1	4534914	0.6614322506916
1	4540762	-0.2581604755804
1	4541602	-0.373873479403199
1	4541659	-0.380631810872579
1	4543548	-0.576628278490299
1	4546239	0.0293691644054004
1	4546345	0.0152583755844997
1	4546783	-0.241692651427201
1	4546823	-0.1766778938548
1	4550023	0.300395684050599
1	4551064	-0.0704721492805014
1	4551118	-0.3181423263797
1	4551541	0.478154665746599
1	4552144	0.241137914474871
1	4552372	-0.102589434089799
1	4552953	-0.228926430787899
1	4553124	-0.550864735017601
1	4555212	0.4329566251738
1	4555731	0.3196173635079
1	4556007	-0.1251731066963
1	4556558	-0.325511208864601
1	4556909	-0.4627633203085
1	4557155	-0.405763561783999
1	4558321	0.0295741843593014
1	4558398	-0.103129976319201
1	4558923	0.314988453490599
1	4561938	-0.0666856375429994
1	4562392	-0.6822602295502
1	4565092	0.013509873493101
1	4565276	-0.469986218190101
1	4565821	0.2718676596122
1	4566354	-0.0293084932771013
1	4567856	0.3093697896509
1	4568283	0.0213063750499014
1	4572615	0.1275336948997
1	4573605	-0.089093000239
1	4573797	-0.0663632762028001
1	4573886	0.366291195638169
1	4576904	-0.4863272877912
1	4577395	-0.0982742712490001
1	4579423	0.0510617330063994
1	4581964	-0.707994947636401
1	4582090	-0.5947716640063
1	4582133	-0.228834903714489
1	4582392	0.177632776347899
1	4582496	-0.3487510730004
1	4582582	0.0295208531219
1	4582957	-0.637110341680401
1	4585508	-0.183090160264101
1	4585771	0.369730435334001
1	4587142	-0.118190562826701
1	4587734	-0.231511252562798
1	4587893	0.449744975294101
1	4588021	0.00752272684409938
1	4589216	0.706799138062919
1	4590376	-0.397989739764601
1	4590753	-0.599093283098998
1	4591720	-0.322094854971501
1	4593791	0.0996450570231993
1	4594458	-0.1538803706514
1	4595442	-0.63325042079722
1	4595952	-0.2206241042211
1	4596231	-0.259520212997801
1	4596537	0.524576869832641
1	4597160	0.0044359857381
1	4599195	0.99835953637859
1	4600326	-0.238057003642989
1	4603905	0.3307117967883
1	4605791	-0.327713085431499
1	4605842	-0.556467621313299
1	4606615	-0.3229089878711
1	4607973	0.225613599741301
1	4608848	0.214290149792001
1	4612344	-0.12816001565297
1	4617200	-0.1333070494982
1	4617251	0.0656159862632997
1	4618411	-0.00204012170579837
1	4619060	0.0438496172797009
1	4620044	0.2019883221752
1	4622100	0.60175420893753
1	4622291	-0.0756965413276998
1	4622303	0.00351498631410152
1	4623678	-0.4238173512
1	4623702	-0.5557608558433
1	4623777	-0.5055155176023
1	4623873	-0.388358300686299
1	4623908	-0.0231002123883002
1	4624130	-0.231464597159
1	4624345	0.1945272759642
1	4624953	0.219091618759899
1	4629948	0.320106874481001
1	4630143	0.202045821475801
1	4631537	-0.123341853173599
1	4631788	0.0725154621074005
1	4631992	-0.3381782613162
1	4632181	-0.2609644418838
1	4632194	-0.0117419669550998
1	4633653	-0.1156609435363
1	4633937	-0.160220181251599
1	4634374	0.0433193257458502
1	4634916	0.3236814959425
1	4635768	0.0443413952369998
1	4636316	-0.2386149326972
1	4637066	-0.119809101474599
1	4637243	-0.304386867083
1	4637391	-0.100576760564499
1	4637465	-0.407745099576101
1	4637553	-0.2562861150502
1	4638254	-0.584560338568
1	4638538	-0.227282315093898
1	4638998	-0.0537338029655992
1	4639178	-0.3971059079505
1	4639285	-0.125841234674899
1	4641860	-0.0982826885696007
1	4646496	-0.175906510290199
1	4646635	-0.202460496380199
1	4647523	-0.0963172806472006
1	4647597	-0.137467142697901
1	4648936	-0.238336812925501
1	4649979	0.0614937608018007
1	4653917	0.39583948850812
1	4656293	-0.0648596598869009
1	4657092	0.312849359912601
1	4658029	-0.0474482021165006
1	4658299	-0.1940357417425
1	4659289	-0.215353035492301
1	4659901	-0.0350090450241005
1	4662599	0.496188016843721
1	4663049	-0.0208134335394998
1	4664015	0.428420264723899
1	4670764	0.1984008342487
1	4673126	-0.728111007365401
1	4674298	-0.2902679445194
1	4675306	0.187579011651898
1	4677487	-0.152586950419
1	4678092	0.2650533989311
1	4680610	0.626487365553601
1	4681011	-0.1979062244998
1	4681782	-0.140420695298401
1	4682020	-0.0673824053827996
1	4685908	0.374091875365981
1	4686597	0.562609582894
1	4687274	0.2107266358153
1	4688021	0.318776933777899
1	4688214	-0.0911238947330002
1	4691605	0.190296582300601
1	4692044	0.5785183069861
1	4692250	-0.0719560008264999
1	4692514	-0.552256867523299
1	4693440	0.234173902684299
1	4693974	-0.196794727870399
1	4696418	0.0183948856052005
1	4697358	-0.062628782789
1	4697882	0.1211160817092
1	4699027	0.25335480411
1	4699060	-0.1952191490898
1	4699130	-0.00740257086980023
1	4702373	-0.0675228310510008
1	4702511	0.154082517932999
1	4702588	0.0115691102083986
1	4703125	0.178195476595
1	4703694	0.2619546349066
1	4704300	0.3450543123624
1	4704966	-0.1468467840297
1	4705747	0.0524960393401006
1	4707382	0.508413713307501
1	4708980	-0.1819003489629
1	4709225	0.238626727068
1	4709351	-0.0180839086136988
1	4711243	-0.2436064623019
1	4712376	0.1208076487722
1	4712675	-0.51768215523
1	4713238	-0.183364987456399
1	4713977	-0.5957046957871
1	4714260	-0.00996958117580071
1	4714611	0.0970176224810011
1	4715484	1.07328188841567
1	4716047	-0.1922848022202
1	4716062	-0.00743530133250125
1	4717368	-0.109907192369901
1	4717577	-0.1306728487576
1	4717627	-0.4478819622462
1	4718223	-0.0813309312559003
1	4719663	-0.4585511889202
1	4719899	-0.4015896302435
1	4719949	0.44571764874086
1	4720659	0.3747724378551
1	4720826	0.0436293909651013
1	4721157	-0.0401637313593994
1	4724171	-0.4037573300006
1	4725012	-0.386695991636101
1	4725964	-0.7097563268771
1	4728593	-0.740605066534901
1	4730345	-0.438143678582099
1	4731855	0.449887284534931
1	4733607	-0.3908751258032
1	4735329	-0.677224823704702
1	4735753	0.158947489487101
1	4738101	-0.263416533368801
1	4740824	-0.372423464135819
1	4741361	-0.5788542222811
1	4741841	-0.125714007434599
1	4744683	0.252482411523602
1	4744972	-0.175535063548899
1	4745081	-0.0984174905252004
1	4745752	-0.2309740073797
1	4747454	-0.209645573112599
1	4747807	-0.514965434656901
1	4750660	0.0277534905378989
1	4751069	-0.114328570334999
1	4751126	-0.458194482931098
1	4752928	-0.3898124716324
1	4758268	-0.277769987684101
1	4758348	0.00554795320530133
1	4759168	0.0725254289869
1	4759348	0.0974548928407994
1	4759724	0.637256303424801
1	4760020	0.799391862755201
1	4762412	-0.0185487292473994
1	4764845	-0.183835921930401
1	4764879	-0.0869281803669004
1	4767241	-1.1222158179137
1	4767409	-0.0978038650555995
1	4767596	-0.396632949190899
1	4767612	-0.041503072667501
1	4767710	-0.640479206323599
1	4769876	0.0573327533054009
1	4770030	-0.1663344611433
1	4777829	-0.0536838411968006
1	4778731	-0.3476627287027
1	4778953	-0.2830461333018
1	4781127	0.2566239312769
1	4781260	-0.348339101087701
1	4781899	-0.105942637136199
1	4782503	-0.2562074386995
1	4782516	-0.199369131608799
1	4782955	0.0229377251238994
1	4783087	0.234068696133901
1	4786629	-0.8616397612047
1	4787247	-0.1576256165734
1	4788583	-0.0901961833094003
1	4789464	0.1119122274724
1	4789686	0.5968438530852
1	4789772	-0.0637670942841009
1	4789986	0.315808265769801
1	4791463	-0.235413079257
1	4793999	-0.2631081833953
1	4794004	0.2292109891627
1	4794811	-0.343646556967601
1	4796100	-0.341378886264101
1	4796121	-0.6747296662443
1	4797427	-0.0975190995402002
1	4797504	-0.192416508799599
1	4797892	0.0627060113350897
1	4801002	0.0147003291276011
1	4801569	-0.534038303207399
1	4801597	-0.5896711080134
1	4802093	-0.778710285176901
1	4805341	-0.4631749459807
1	4806218	-0.2069111224195
1	4806988	-0.1611107131642
1	4807563	0.181258890508499
1	4809567	-0.0302668400967008
1	4810231	-0.123108577111699
1	4810418	-0.333156240898701
1	4811032	-0.0637599423622
1	4812586	-0.197384106308
1	4812743	-0.4985210345131
1	4814675	0.033924020293
1	4814770	-0.0429018214822001
1	4815075	0.0350299655687003
1	4816465	-0.359655640483499
1	4816766	-0.4941268851691
1	4817368	-0.2099301134527
1	4820014	1.38138257561817
1	4828728	-0.419483995941601
1	4830041	0.11398471414048
1	4833014	0.2534936501989
1	4833095	-0.2319637683119
1	4833355	-0.326022446228299
1	4833927	-0.440270161617601
1	4843383	0.0216764904523998
1	4845089	-0.0499524149425987
1	4845341	-0.3794488691716
1	4847066	-0.680614578215399
1	4848591	-0.2323548450931
1	4851104	-0.315894149781601
1	4851425	-0.220836468975099
1	4851725	-1.0233403144921
1	4853388	-0.367197134589
1	4856988	0.984703860179781
1	4857962	0.0334830143284002
1	4858799	-0.156805317615699
1	4859076	-0.0953175099144996
1	4859646	0.1292507606132
1	4860438	0.0152983974929004
1	4860771	-0.1944635662254
1	4862429	0.2008200690957
1	4863497	-0.0390206710259005
1	4863692	-0.483517831226299
1	4863839	-0.883904445435299
1	4863865	-0.270513445182599
1	4867599	-0.504209522916099
1	4867836	-0.478956900558199
1	4868053	-0.498046702355401
1	4869982	0.205598694724699
1	4870710	0.267361792171501
1	4871077	-0.324969576584099
1	4871367	-0.2147425798545
1	4872046	-0.254350930437701
1	4872581	0.259323801774901
1	4872967	0.1686163105087
1	4873161	-0.0508777644652998
1	4875277	-0.237422623573
1	4875333	0.4048501603279
1	4876349	-0.233014296401199
1	4880552	0.2252937115192
1	4882246	0.4181536137449
1	4882663	-0.8755240031731
1	4883077	0.016467078703899
1	4883232	0.170356724039301
1	4883339	-0.442150698511799
1	4883658	-0.386072265624799
1	4884232	-0.0279904385428988
1	4884527	-0.426874386030502
1	4884742	-0.1121241526942
1	4884854	-0.0771962557782011
1	4885329	-0.5460574297691
1	4885629	0.16386078558855
1	4886166	-0.503676795490101
1	4886295	-0.3342563755768
1	4886330	-0.2318826523032
1	4886368	-0.191140312787681
1	4887284	-0.1662212635931
1	4889484	-0.4217919245455
1	4891078	-0.35709564170355
1	4894312	0.284780243573501
1	4894694	-0.0781282565774006
1	4894886	0.426050811072301
1	4895773	-0.2098496602115
1	4896045	-0.502318598924099
1	4896135	-0.5977373796843
1	4896167	-0.4393969510635
1	4897376	0.23661632186675
1	4898245	-0.0336842954950001
1	4901507	0.5578506539822
1	4901669	0.3821685742857
1	4901784	0.231075163036101
1	4901913	-0.355520401535401
1	4902030	0.174364120035499
1	4902058	0.0822256797129004
1	4902227	-0.171155520733301
1	4902486	-0.381650260366801
1	4902573	-0.1883887930061
1	4903007	-0.176379324369401
1	4903190	-0.567414122068199
1	4903525	-0.135671087309099
1	4905340	0.226398652490699
1	4905635	-0.0466368934464008
1	4905782	0.2988302205046
1	4907095	-0.156036009047
1	4907340	-0.273430364934901
1	4909525	0.4548333038032
1	4910002	-0.0591730992773005
1	4910848	0.0292847257199984
1	4911150	-0.204992878450199
1	4911170	-0.2755238999196
1	4911368	-0.5056778917874
1	4911693	-0.21458206564426
1	4911898	0.128482932305801
1	4911961	-0.0130014373906988
1	4912161	0.261338341722199
1	4912215	0.307402138751101
1	4915327	0.228296035573999
1	4917231	-0.405821101387399
1	4917512	-0.4753834949622
1	4917938	-0.145646314616799
1	4921014	0.0815473006526002
1	4921060	-0.0141358016483011
1	4922627	-0.563936258256
1	4922804	-0.2136153093941
1	4922967	0.168259422575399
1	4923290	-0.137544581894099
1	4923459	-0.107387807700301
1	4923983	0.2589461118818
1	4924999	-0.411864833402699
1	4928077	0.0547506743753008
1	4928711	0.1897589807753
1	4930520	-0.0807527331624005
1	4931239	-0.16028416392
1	4931421	-0.155915063894899
1	4931730	-0.211769794818899
1	4932319	0.00559112621660063
1	4935048	0.0713460384577989
1	4937672	-0.4152877739598
1	4937911	-0.207852044597001
1	4938953	-0.0783760056490994
1	4939240	-0.240880491922001
1	4942063	-0.281599619000598
1	4942126	-0.214100701014798
1	4942621	-0.208426320629401
1	4946898	-0.6031437544366
1	4948080	-0.158300030428
1	4948484	-0.6024063401922
1	4948575	-0.604208043647299
1	4948794	0.299855275178
1	4948958	1.47102798777091
1	4951092	-0.524851110709399
1	4951165	-0.580562053458701
1	4951493	0.00150342760020017
1	4951570	-0.0970255404810008
1	4952194	-0.204103467633299
1	4952961	0.2080585477749
1	4954976	-0.290207073911199
1	4955047	-0.499122815333799
1	4955464	-0.407386380265301
1	4955724	-0.195044174136399
1	4959713	-0.214314974777
1	4960099	1.01236873850724
1	4961379	-0.7478557906256
1	4962048	-0.431390731811
1	4963153	0.2657402411664
1	4963713	-0.243428409109901
1	4963991	0.33244525882891
1	4964065	0.1916748279129
1	4965449	0.132689938153
1	4965710	-0.294996888794399
1	4965732	-0.136723203277899
1	4967651	-0.406689823613199
1	4968070	-0.0119277431985001
1	4968105	0.251474270584449
1	4968717	0.160344943007001
1	4971214	0.152872982307722
1	4972952	-0.0262613175124997
1	4973015	-0.105448420584899
1	4975177	0.219098272563901
1	4975554	-0.526767124617921
1	4976182	-0.271385666394201
1	4977049	-0.440435649905899
1	4977412	-0.427127990787699
1	4978799	0.0785924643669009
1	4979975	-0.0630115123968
1	4980293	-0.964166460392361
1	4980926	-0.0925039865834005
1	4981058	-0.6814227986946
1	4987279	-0.836715172999801
1	4988477	-0.597722230796599
1	4988854	-0.462278183148101
1	4988917	-0.890776556573
1	4990575	-0.183478750392801
1	4990880	-0.3868025805144
1	4993601	-0.160223176624601
1	4993696	-0.1104762504068
1	4994563	-0.1513411971916
1	4997214	-0.0593477778921496
1	4997307	0.635840741856398
1	4997395	0.238331551078399
1	4998900	0.198128331791001
1	5001797	-0.205686370811501
1	5002004	-0.7725899668251
1	5011917	0.4147922324579
1	5014413	0.134967232955701
1	5020435	-0.108509315793601
1	5020923	0.0869731499906994
1	5021265	-0.4807503760166
1	5022227	-0.181216925291421
1	5022470	-0.3683472793308
1	5027403	-0.2013947001338
1	5027933	-0.17381595434
1	5028263	0.139700381512
1	5029087	0.2118365040181
1	5034491	-0.322595766500299
1	5034740	-0.1372560794794
1	5037526	-0.1898549273643
1	5039597	-0.158090003479209
1	5040086	0.195086570351901
1	5041153	0.275222907961
1	5041433	-0.1703469015719
1	5041500	-0.5325300767709
1	5042841	0.323878266989599
1	5043104	-0.0273406712855007
1	5043849	-0.0364358686738004
1	5044926	-0.2177198281711
1	5045323	-0.631786536127501
1	5045437	-0.146420464349799
1	5045931	-0.0914381545641998
1	5048545	-0.3425022430502
1	5048583	-0.458974504699299
1	5049850	-0.5199493652631
1	5050320	-0.0535723940188007
1	5051336	-0.696596886635801
1	5051980	-0.41616834763702
1	5052019	-0.0504741230154
1	5056105	-0.1323385625606
1	5057038	-0.5802371801056
1	5060591	-0.342575956545101
1	5060935	-0.362504053256
1	5061152	0.0084925199583008
1	5070502	-0.00941005497690028
1	5070572	-0.0952442856177207
1	5071555	0.385570497437401
1	5073664	-0.4243341407303
1	5073878	-0.25806626330081
1	5079666	-0.0284378961819005
1	5079680	-0.166606420806701
1	5082712	0.0752783704241011
1	5083672	-0.680179684871
1	5083785	-0.264839216625701
1	5083864	0.252452775355399
1	5088814	-0.664266408104199
1	5092563	-0.5532891138728
1	5092609	-0.402308941946901
1	5092716	-0.3319865813211
1	5092886	-0.115728172669399
1	5092976	-0.0486863364293004
1	5093533	-0.35555454519365
1	5094081	-0.5196768806862
1	5095027	-0.3090818390253
1	5095111	-0.378889332649901
1	5095177	-0.0471713036094989
1	5095217	-0.769079533171499
1	5095231	-0.168082626830499
1	5095242	-1.0597428462971
1	5095755	-0.00291884218249905
1	5097811	-0.0495729874155995
1	5097837	-0.364161125056599
1	5097868	-0.203099103350301
1	5098649	-0.8204848682771
1	5100369	-0.4397216278673
1	5100592	-0.234405000743999
1	5100735	-0.0879657903061997
1	5101478	0.68646247415978
1	5105076	-0.0331394020870999
1	5105249	0.228802704732509
1	5106305	0.0459192584140986
1	5106499	-0.4916665251287
1	5109104	-0.0981208169959
1	5109984	-0.2922152509543
1	5110906	-0.166733978341801
1	5110994	-0.214582852844101
1	5111198	-0.2177624174023
1	5111591	-0.2422703756089
1	5114383	-0.3135967451105
1	5115596	-0.0324768917189004
1	5116547	0.1552231289239
1	5120623	-0.0585781896341988
1	5121935	-0.7159428828099
1	5122005	-0.569796935563101
1	5122456	-0.155013738387659
1	5123042	0.111088336183
1	5124240	-0.4680664811571
1	5124552	0.182999605080999
1	5126612	-0.362097377052299
1	5128999	-0.72250423722747
1	5129269	0.3573666124743
1	5129325	0.659672008870199
1	5130428	-0.2011210219463
1	5130606	0.0890648056009002
1	5130741	0.330777727678999
1	5131752	-0.0653453633337993
1	5134195	-0.141723732066701
1	5136139	0.770720617537561
1	5136631	0.212750673448999
1	5145678	-0.0136555507460994
1	5146486	-0.1800206829947
1	5146942	-0.0451053320841002
1	5147215	-0.475463788474201
1	5150357	0.3565051432322
1	5150765	0.320056460328001
1	5152065	-0.248725536620501
1	5152241	-0.169186987189201
1	5153296	-0.319963085751899
1	5153392	-0.587259104233599
1	5153405	-0.5380620653902
1	5153524	-0.412782084746048
1	5153778	-0.430303360654099
1	5154592	0.190136238217701
1	5156634	0.0439837157355996
1	5158416	-0.1614954485027
1	5158924	-0.1726339771198
1	5160567	0.264436170646
1	5160617	0.4116085744341
1	5163489	0.129243100184
1	5163972	0.321166783101301
1	5164377	-0.3666599710452
1	5164557	0.581489892760199
1	5170137	-0.5009090022905
1	5170789	-0.308277827272599
1	5178479	-0.191086684016501
1	5178495	0.3518682985778
1	5181535	0.0298443451604999
1	5188419	-0.239678551512998
1	5192551	0.456500502664799
1	5192641	-0.109404307121801
1	5192656	-0.3757124695176
1	5193165	-0.173038369840599
1	5193225	-0.172524063129901
1	5195636	-0.00916909344070049
1	5195878	0.236208547853
1	5197705	-0.674256071293099
1	5197747	-0.286085059199701
1	5197794	-0.266127779060101
1	5197990	-0.159388315805501
1	5200198	-0.220883749409939
1	5202029	-0.00399238572399874
1	5202175	0.2326029488767
1	5203231	-0.0151374914044009
1	5203306	-0.282627128981
1	5207158	0.329106075469399
1	5207626	-0.3499900298974
1	5208117	-0.285610790709599
1	5208163	0.0266055825906193
1	5209115	-0.00800940162529962
1	5209527	-0.4538533233191
1	5209757	-0.2129984373558
1	5210440	-0.206623146402901
1	5210469	-0.3447066392427
1	5210853	-0.0784863085800005
1	5215181	-0.369718209575598
1	5215341	-0.513701322491199
1	5217931	-0.0615938114313987
1	5218042	0.3421258058763
1	5218412	-0.201840702641601
1	5218643	-0.0542364434043989
1	5218832	-0.145120927907399
1	5219884	-0.6753472994408
1	5220999	0.00871723475187913
1	5222078	-0.0594396085878
1	5222308	0.00222894472470081
1	5223289	0.475791617547699
1	5223449	-0.1110819039119
1	5224030	-0.1652096252456
1	5224091	-0.211866446967599
1	5224760	-0.0987466916838997
1	5225584	-0.2521100322683
1	5225784	0.1989120455176
1	5225910	-0.3047034246166
1	5226194	-0.3797957516342
1	5226344	0.124112020655
1	5230099	-0.512410999650999
1	5230146	-0.429115847322601
1	5230243	-0.143469130873001
1	5230275	-0.5823256038406
1	5232225	-0.218185426374699
1	5232677	-0.2823274996568
1	5233339	-0.6602683192089
1	5233939	-0.3742771144865
1	5234274	-0.671312091544099
1	5234796	0.111986501727401
1	5236489	-0.59155938953092
1	5236958	0.135915221863799
1	5237212	-0.2111300340576
1	5237228	-0.653062933093301
1	5237272	-0.3525420746451
1	5237352	-0.4215360687881
1	5237605	-0.170651646023799
1	5238072	-0.0885361601713015
1	5238888	-0.682330520907701
1	5238932	-0.00302951676039953
1	5240974	0.078402132743701
1	5241092	-0.265666166642399
1	5241324	-0.3278127944234
1	5243688	-0.0679985502363998
1	5246334	0.181492184918
1	5246660	-0.2480818248004
1	5247299	-0.8294461687211
1	5252352	0.149148017593701
1	5252408	-0.0862157873826011
1	5252869	-0.309660330602899
1	5257031	-0.433410041407701
1	5258598	0.4635478000358
1	5259358	0.46891322424373
1	5260671	0.0103178735967013
1	5262152	-0.1740528265021
1	5262205	-0.120528207093901
1	5264494	-0.146166048006299
1	5268449	-0.2856937258427
1	5268574	-0.4134459993435
1	5268607	-0.516119287783699
1	5268629	-0.315169766441898
1	5268791	-0.140703745277898
1	5269037	-0.1857205925967
1	5269658	-0.0564542098685994
1	5269829	-0.1713372087984
1	5271439	-0.219292723586699
1	5271794	0.2307004469096
1	5272361	-0.310018388665901
1	5273226	-0.1027429060307
1	5273519	-0.105144274524251
1	5273569	-0.4272715712326
1	5273913	-0.1879048228647
1	5274044	0.1666512312026
1	5274545	0.17007141127185
1	5280382	0.1450052633888
1	5280463	-0.703131389905399
1	5283181	-0.892712265300901
1	5283192	-0.8505899206172
1	5283303	-0.4931764344333
1	5284188	-0.18452394887275
1	5286457	-0.568703800892701
1	5287122	-0.275830486584601
1	5290046	-0.243012983999099
1	5290069	0.1241683634571
1	5290138	-0.1797407728218
1	5290438	0.2156708575013
1	5290541	-0.3626705777792
1	5291210	0.210112260176899
1	5291940	1.08311723485658
1	5293351	0.0581829214089993
1	5302730	0.0900218238075983
1	5303445	0.8911170513713
1	5308749	-0.335691844615399
1	5308776	-0.286449201979899
1	5310209	-0.1835293710811
1	5310402	0.207798997134001
1	5311161	-0.0574685987203001
1	5311293	0.419761438977099
1	5312078	-0.4894772593362
1	5314354	0.1186449047084
1	5318823	0.360340886787879
1	5320474	-0.441602948400959
1	5320577	-0.211434666494799
1	5321000	-0.3166683596249
1	5321393	-0.210240050640401
1	5321464	-0.360608727293199
1	5323426	-0.3119369003398
1	5323478	-0.3996015839321
1	5323492	-0.296985871468602
1	5324527	-0.0553644716047987
1	5324969	-0.186740409293
1	5386524	-0.3840498975991
1	5389666	-0.2609808671072
1	5389802	-0.315276748904701
1	5391493	0.164201008682401
1	5391507	0.530366125838
1	5391953	-0.196404377224601
1	5393330	0.2216409813288
1	5393514	-0.7122564314821
1	5394104	-0.0824525394739002
1	5394828	-0.564150770876301
1	5397586	0.452920794639029
1	5397846	0.217394681037499
1	5397919	0.195759267860501
1	5398088	0.0213267098762007
1	5398168	0.108040629651899
1	5398185	0.143973991932301
1	5398250	0.0827600792382004
1	5399281	-0.3651402286677
1	5401174	0.2516833179578
1	5401475	-0.1272621682817
1	5401488	-0.4244863968178
1	5402688	0.271475414427099
1	5402847	0.0599551108149008
1	5403195	0.1297963067301
1	5404419	-0.0916375111108998
1	5409795	-0.517521027948501
1	5410642	-0.4940165204927
1	5414088	-0.5008834116244
1	5414159	-0.562724335998119
1	5414457	-0.00628090299859885
1	5414630	0.0808069077211009
1	5415979	-0.474009596380801
1	5417468	0.228720186341
1	5418142	0.239859284358799
1	5418189	-0.154226639328199
1	5425309	0.0585514888425003
1	5427597	-0.293293872666801
1	5435257	0.3969100535321
1	5435813	0.582443330243501
1	5436279	-0.172604142785801
1	5439136	0.307027396557199
1	5443192	-0.2299904881611
1	5443458	-0.507427181358601
1	5444116	0.559994969623199
1	5448767	-0.0871787421802992
1	5449172	1.3088970053868
1	5453365	0.107417137853099
1	5453403	-0.2438066804563
1	5453627	-0.210229456921001
1	5453835	-0.6622856876642
1	5453960	-0.840681223154499
1	5454688	-0.0376098655956003
1	5461054	-0.0599282837887003
1	5462840	-0.330102359554299
1	5462910	-0.390987120297099
1	5465256	0.190134408401901
1	5467246	-0.320028760850899
1	5467410	0.364665249418302
1	5467866	0.109641850164499
1	5471661	-0.6472159808838
1	5471705	-0.695654904666998
1	5472032	-0.2504655115528
1	5472082	-0.240023052420799
1	5473702	-0.691012623070769
1	5473820	0.0500255530576013
1	5476116	-0.0705406376353999
1	5478006	0.168634926341801
1	5478116	-0.315560945742499
1	5478170	-0.154194927454801
1	5478271	0.207123161106701
1	5480529	0.0710188907942992
1	5481821	-0.165210454528101
1	5481836	0.751906561005001
1	5483772	0.53830893208905
1	5484099	-0.186163288926059
1	5484150	0.3738951964288
1	5484695	-0.457672213381739
1	5484956	-0.0413188627907992
1	5485398	-0.0998284675522001
1	5486006	-0.306920310098491
1	5486174	-0.1755784861934
1	5490952	-0.0896853236656003
1	5492078	-0.969279687471261
1	5493451	0.199640268495699
1	5493637	-0.047525031546499
1	5493943	-0.477038357453219
1	5494446	-0.0881690788874998
1	5494624	-0.2137861937748
1	5494663	-0.5161450085662
1	5494891	-0.615288541416401
1	5494906	-0.6623241828906
1	5496399	-0.0349434367061008
1	5502505	0.189964728009199
1	5503447	-0.182751382865401
1	5505145	0.35064324608183
1	5505361	-0.114965734466301
1	5506601	-0.252871078432399
1	5507802	-0.169271529706799
1	5508446	-0.3505357363673
1	5508491	-0.820869137693601
1	5515386	-0.141171492949599
1	5515575	-0.166455757561799
1	5517252	-0.000250719984800085
1	5517324	-0.992845037950001
1	5518725	-0.106618793280401
1	5519283	0.0938950855192999
1	5519817	-0.158963834427
1	5520342	-0.551265383747801
1	5522295	-0.2432476491134
1	5522482	-0.217622349804
1	5523646	-0.0910149673975003
1	5524535	0.1130599384325
1	5525272	-0.371580568423001
1	5526424	0.51899234383712
1	5526437	-0.0538355602368004
1	5526603	0.2797184895388
1	5533657	-0.384307837094202
1	5533844	-0.5889993649931
1	5534316	-0.120669853991
1	5535543	-0.3677540687793
1	5535820	-0.0892622406270007
1	5536630	-0.423071935426499
1	5537318	-0.00660247384790047
1	5538518	-0.169435671682599
1	5541127	-0.6797236586092
1	5541947	0.1018062744771
1	5546207	0.133140972911098
1	5548153	0.456815300228
1	5548278	-0.1883912113941
1	5548516	0.0603918216192003
1	5548681	0.133428758837871
1	5549739	-0.263450514280601
1	5550499	0.0151622849148794
1	5551501	0.0942080930450988
1	5551811	-0.412497406605199
1	5554132	-0.0151166410424999
1	5555083	-0.0895099994565989
1	5555832	0.1873921223685
1	5557308	0.2473685705811
1	5557438	-0.2288546310245
1	5557877	0.471837016879
1	5557903	-0.219987748951
1	5557973	-0.6468762126462
1	5558928	-0.286049162058029
1	5558945	0.199354022165199
1	5559191	0.4837164956359
1	5559319	0.309333923969
1	5559405	-0.2174866430347
1	5559417	-0.2274420382691
1	5559666	0.0327694444795004
1	5559785	0.0170435795137998
1	5560254	-0.204254085644701
1	5561260	0.130536333825901
1	5564076	-0.0356603144782994
1	5564169	0.1202482913786
1	5564506	-0.140676820020399
1	5564569	0.137308647359699
1	5565098	-0.1994006333454
1	5565745	0.0335110121881002
1	5566345	0.4070587280151
1	5568016	-0.0907207934585994
1	5568030	-0.0121404876108997
1	5568299	-0.363971385633299
1	5568363	-0.0540796971531989
1	5568589	0.1023343592638
1	5568651	-0.2142907380297
1	5568789	-0.0906649571608007
1	5568851	0.198816879851901
1	5568944	-0.1777227495567
1	5569571	-0.161421910782099
1	5569585	0.0887827197297
1	5570065	0.0312298253902696
1	5572210	-0.436593678107901
1	5575988	-0.00491623966841992
1	5576897	-0.310414118934299
1	5579818	-0.246088820933601
1	5580274	-0.4244332086861
1	5580854	-0.121471369883499
1	5581348	-0.359163758491801
1	5581860	0.0964243786195009
1	5582239	-0.0281358358068999
1	5584982	-0.405992255247799
1	5585148	-0.0776357824334006
1	5589595	0.0452637782857988
1	5590077	-0.290708184761099
1	5593053	-0.324634051808401
1	5593214	-0.423502816914599
1	5593826	-0.3188445057383
1	5594080	0.397469976177401
1	5594121	-0.4266235904298
1	5594344	-0.0954571999716993
1	5595948	-0.2060270214341
1	5597021	0.3803885722615
1	5599240	-0.164243061698899
1	5599699	0.1007832606237
1	5602028	0.0829809791761988
1	5602818	-0.1623812760826
1	5603159	0.6918753588021
1	5603815	-0.352639339455999
1	5604474	0.8301323445012
1	5606094	-0.281349546949899
1	5606284	0.0989722807896012
1	5606348	-0.544548659093001
1	5606436	-0.00255728899630014
1	5607027	-0.352427163256801
1	5607325	-0.449948254276499
1	5607375	-0.1028663139752
1	5608538	-0.0533251963139687
1	5608606	0.238376233266001
1	5608719	-0.149352388889499
1	5609689	-0.3349705472999
1	5612197	-0.0764120816933005
1	5612508	-0.0584860730487016
1	5612535	0.1437447301952
1	5612723	0.0924261713575998
1	5613142	0.0211040070393
1	5614743	-0.0132317767966992
1	5616125	-0.582435054043501
1	5622003	-0.5687705774005
1	5622062	-0.6782716443124
1	5622221	-0.1232399303852
1	5622594	-0.167401473599099
1	5622704	0.0078235790357013
1	5625677	0.137394139391899
1	5628801	0.5720560391917
1	5629025	0.0104888647067991
1	5629147	0.2746530280481
1	5629184	-0.0683238658054997
1	5629749	-0.2840755911849
1	5629811	0.1126672988186
1	5630050	-0.2741212359904
1	5630086	0.3124524237142
1	5630102	-0.3272736745429
1	5630525	-0.1681761121277
1	5630607	-0.2368053932558
1	5633030	0.141458820323829
1	5637063	0.272745414770201
1	5638129	-0.3253733551255
1	5639725	-0.404658477126199
1	5640139	0.0758071368489013
1	5640603	-0.315753474408501
1	5640773	0.172674874045899
1	5640954	-0.489222011653299
1	5641001	0.122141174224801
1	5641101	0.118343458286001
1	5641161	-0.292594344208201
1	5642741	-0.471450931565
1	5645936	-0.5820739841134
1	5645963	0.0301564097194991
1	5646150	-0.1631718294986
1	5646230	0.1566897292264
1	5646446	0.0596891316905985
1	5647247	-0.00522889891590061
1	5647527	-0.1563252815615
1	5647903	-0.1925257427245
1	5654145	0.0383065267808007
1	5655014	-0.1069230711005
1	5655557	0.0915256932385997
1	5656521	0.272888291731801
1	5656600	0.0580743285952998
1	5659269	-0.1773163828835
1	5659434	-0.1336642778483
1	5661048	0.414861835021069
1	5661087	0.0195421092867001
1	5662176	0.407489124986199
1	5662225	-0.463556944799301
1	5663419	-0.177709761589201
1	5664477	0.690071504968831
1	5666096	-0.167887069576699
1	5667550	0.128282324687399
1	5669771	-0.0135273977490993
1	5669960	-0.196101081595099
1	5670075	-0.120166872114799
1	5671198	-0.0409052108708003
1	5671379	0.0831839200034992
1	5671670	0.1250181529096
1	5672600	-0.5939277494974
1	5673023	-0.2992755954813
1	5673169	-0.0759972265398989
1	5673502	-0.0321137142419907
1	5673607	-0.3898663175714
1	5674927	-0.5961273601377
1	5676849	0.3290257279799
1	5682078	-0.1907197658157
1	5687466	-0.205395691975999
1	5687940	-0.0743181916840001
1	5688866	-0.4291487978345
1	5689985	0.132193591380501
1	5690392	0.0274507975824996
1	5692852	-0.105678000501799
1	5695578	0.0773191997266007
1	5695844	-0.240133829227899
1	5696465	-0.3146209106349
1	5696529	-0.836315042861399
1	5697261	-0.4199590784057
1	5697463	-0.0837748363596997
1	5699048	-0.1672933257294
1	5700823	-0.174414100362199
1	5701376	-0.260182510051001
1	5704757	0.0512945893182994
1	5705308	-0.2861414018888
1	5705356	0.0874524932061007
1	5707722	-0.4091283948176
1	5707745	-0.772777662409201
1	5708027	-0.428035565925802
1	5709996	-0.3935810212388
1	5712586	-0.60841759386458
1	5713085	0.0167382164163996
1	5713242	-0.0732610495324
1	5713929	0.573672767162281
1	5714549	0.201856220059961
1	5715140	-0.457141950359899
1	5718215	-0.6947520174547
1	5724673	-0.2992456586153
1	5725257	-0.2263601424232
1	5726207	0.338916636270501
1	5728192	-0.325257081512101
1	5728936	-0.365473539381
1	5734130	-0.3215613821431
1	5734254	-0.336690293514
1	5735885	-0.2227491855925
1	5736311	0.278563146514699
1	5736471	0.0631503584084996
1	5736722	-0.250196583231899
1	5736741	0.0466144386703409
1	5737485	-0.434243214586202
1	5737835	-0.223706472084102
1	5739115	-0.871275644466198
1	5739253	-0.5077557091477
1	5739772	0.0227223674076011
1	5739852	0.1805665820304
1	5740061	-0.325166854942902
1	5742141	0.0900257280703904
1	5742634	0.447122530329001
1	5743257	0.2200067852792
1	5749486	0.1334987671958
1	5752280	-0.0241439170908997
1	5752835	0.0116004470081013
1	5753402	0.1966689665822
1	5753554	0.131570113250199
1	5753705	0.325638186552499
1	5755561	0.239526423698599
1	5756501	-0.620928929475602
1	5757652	-0.1659509466202
1	5759470	0.1356537198262
1	5761361	-0.224213209343
1	5767390	-0.360352831532699
1	5770933	0.206055115550001
1	5774201	-0.4409721220648
1	5778034	-0.125009861681999
1	5782471	-0.440475588149599
1	5783078	0.2814677608139
1	5783692	-0.00388835620470118
1	5789408	0.0124688570207994
1	5794039	1.20063713644859
1	5795163	-0.557459042764599
1	5795990	0.29377900053067
1	5801719	-0.1964508802824
1	5802359	-0.1095347462403
1	5802876	0.275393490807401
1	5803053	-0.470296515903801
1	5803470	-0.0201539509058009
1	5803496	-0.0932253760331001
1	5806990	-0.0436003834840708
1	5819594	-0.333396495840701
1	5820910	-0.5542840707329
1	5821316	-0.134989692673599
1	5822372	0.1568029012028
1	5822694	-0.145068497110501
1	5823875	0.144064325172801
1	5824637	0.0716578952808007
1	5824673	-0.232049619937401
1	5824901	0.00720026037389943
1	5825014	-0.0909942090047995
1	5825348	-0.463508880769099
1	5825437	-0.214816311490299
1	5826545	0.00948470676519975
1	5827157	0.286845769683101
1	5827305	-0.353678434922399
1	5827331	-0.5442561525015
1	5827589	-0.058333904070599
1	5828516	-0.0306142387539001
1	5828924	0.218978764163701
1	5829005	-0.2963762557668
1	5831320	0.203613739943
1	5831456	0.0725366478251992
1	5832226	-0.6666437207955
1	5832774	-0.1154174910459
1	5833161	0.2603396074381
1	5833970	-0.569386627479499
1	5836208	0.0779010340088
1	5836236	-0.0723341082207991
1	5836480	-0.240107966388601
1	5839045	0.108260009424781
1	5842112	-0.389727931618609
1	5843629	-0.1073802224081
1	5844143	0.115055959097401
1	5844172	0.274288648559779
1	5844375	0.6572806941219
1	5844665	0.280181107600299
1	5844869	-0.2907034905638
1	5845409	-0.3111663591117
1	5845421	-0.1501561048933
1	5846375	-0.319482393511802
1	5848388	0.1135250429069
1	5848542	0.3784919441566
1	5850812	-0.784692547604401
1	5850960	0.0455872595499009
1	5855291	-0.342571017108899
1	5856823	-0.626144764019099
1	5857077	0.314039790942299
1	5857087	-0.0533333015937991
1	5857149	-0.55059532023
1	5865334	0.435234016877599
1	5866725	-0.241576065564701
1	5868744	-0.3634748996024
1	5868956	-0.01465199474484
1	5869030	0.3984033113382
1	5869537	-0.0498339651172
1	5871264	-0.315601464265299
1	5871605	-0.2323135108201
1	5871919	-0.364306280578601
1	5874742	-0.0581929842589002
1	5874843	-0.12412008883455
1	5879929	0.249694690396101
1	5880057	0.0122919848758016
1	5880176	0.3321367636066
1	5880312	-0.0155035629429001
1	5881134	0.3827179580049
1	5883090	-0.112984678178201
1	5883872	-0.3086465908668
1	5884239	0.211474263868499
1	5884268	-0.0131745719096994
1	5884457	-0.0402668352426989
1	5885145	-0.235704199888099
1	5887968	-0.243998304458199
1	5888186	-0.517736094961501
1	5888411	-0.3080851104703
1	5888706	-0.253966063198002
1	5888762	-0.445577871225
1	5889248	-0.2847946444894
1	5889651	0.2679689677132
1	5890337	0.192087283267821
1	5890636	0.452183754828299
1	5894042	0.1519498885619
1	5894606	-0.4853229664465
1	5895277	-0.4899523238869
1	5897176	0.0990248958752993
1	5902057	0.517968031628499
1	5903440	-1.0599530964654
1	5904117	-0.379365430827701
1	5907659	-0.318231653246599
1	5908001	0.195774674258601
1	5908996	-0.120477948187601
1	5909072	-0.4067273929568
1	5911513	-0.0667747871861
1	5911861	-0.221290045458499
1	5912516	-0.0401010882871002
1	5912568	-0.8201826846614
1	5913092	-0.5245214368848
1	5916254	-0.0617141187190295
1	5916446	-0.133602682091
1	5917676	-0.276044992807901
1	5921086	-0.4612811673297
1	5922897	-0.239767771428301
1	5924660	-0.2472088370574
1	5925542	-0.000513435051699318
1	5925805	-0.00470499954449899
1	5926122	0.2780316721571
1	5929159	-0.530515544891001
1	5930480	0.0348077415962003
1	5931670	-0.00568934934940124
1	5931883	-0.1302712798218
1	5933716	-0.056177900599101
1	5934188	-0.321313148059501
1	5934493	-0.1545735810635
1	5937151	0.196053654866461
1	5940979	-0.171271271463899
1	5945817	0.4485276216906
1	5947168	-0.299204731627631
1	5948121	0.854598709259649
1	5950321	-0.64092091307549
1	5952524	-0.176941167001699
1	5954531	-0.259385047375
1	5956456	-0.7852838480405
1	5956560	-0.0482700939023992
1	5956787	-0.780761919671701
1	5957654	-0.7378323746956
1	5960190	-0.262464138418601
1	5961170	-0.3563858967096
1	5963955	-0.1024201755303
1	5966419	-0.614594440502501
1	5966756	-0.1238469024869
1	5967609	-0.3101041975629
1	5971025	-0.0452596083921399
1	5971645	-0.196889521732
1	5972191	-0.123688582998801
1	5978755	-0.0871781381925008
1	5979316	0.0998465897633007
1	5980313	0.146931064544699
1	5981816	0.0305599757488011
1	5981909	-0.2967489581573
1	5984235	0.100698936125099
1	5984369	0.402790989144801
1	5990227	-0.0734797253833008
1	5998155	0.163460873614
1	5999009	0.0227141920720992
1	6001979	0.2272057372319
1	6002217	-0.0940904085924998
1	6002290	-0.430259491212901
1	6002875	0.156900344666401
1	6010422	0.32009461013272
1	6010434	0.139609742155601
1	6010596	-0.0758604190660996
1	6010951	0.3121716068648
1	6011258	-0.198238746449199
1	6012468	-0.245700560449599
1	6023442	-0.036154795701
1	6023694	0.2124183653451
1	6025006	-0.4347263146727
1	6025516	-0.46913788843236
1	6026003	-0.30393272704716
1	6026589	-0.5580720110841
1	6027696	-0.220387411124999
1	6027718	0.19501652151861
1	6033376	-0.1118334493933
1	6033674	0.102573196444
1	6035240	-0.302911610688
1	6039758	-0.166680247647401
1	6042737	0.40108218760561
1	6045036	0.0758220134426004
1	6046828	0.350305353651398
1	6047671	0.0776125794116993
1	6048569	-0.0750902527152988
1	6050303	0.226344716457399
1	6050776	-0.19896656425739
1	6050816	-0.000429965976399771
1	6052451	0.498675066149501
1	6053966	-0.408264556630701
1	6056088	-0.0777167088405903
1	6059418	-0.0716026764201789
1	6059990	-0.184997152052601
1	6060321	0.0209536253638998
1	6062331	-0.4297791376763
1	6062478	-0.127093107613399
1	6062727	-0.494404990290199
1	6063090	-0.174561156382101
1	6063848	-0.4638411090368
1	6063912	-0.310149724162301
1	6067005	-0.265692364917101
1	6067138	0.1778917316182
1	6067501	-0.223831497526401
1	6067552	0.0964942136182998
1	6074532	-0.218869011064399
1	6075993	0.1935233292986
1	6076112	0.161431419136401
1	6077034	-0.1764476537899
1	6077329	0.48858263247903
1	6085652	0.359883149707541
1	6086512	-0.0207054012909005
1	6099279	0.0150961432025998
