chromo,x,y
1,	51599	-,0.171287335972
1,	51672	0,.0288588752332988
1,	51687	0,.115491078005601
1,	52016	0,.274378317105301
1,	52784	0,.0513585077921004
1,	52801	-,0.123512541085701
1,	62568	-,0.6003234702311
1,	62640	-,0.469045624339
1,	72034	-,0.2117415063388
1,	72179	0,.2749133379908
1,	72514	0,.4753208568006
1,	72575	-,0.0824724016725007
1,	75800	0,.874976712727721
1,	75862	0,.769720186963099
1,	76188	-,0.543362574797699
1,	76205	-,0.293719488881599
1,	88452	0,.0141164112460004
1,	88466	-,0.0896429475981986
1,	218570	,0.244771860375399
1,	218593	,0.234334738821799
1,	218939	,0.287990042159601
1,	219022	,0.85757860729084
1,	219037	,-0.211390465962801
1,	219483	,0.15591373450361
1,	219541	,-0.0944044791205005
1,	225534	,0.173181348728001
1,	225592	,-0.0869451740574014
1,	225802	,0.143786444054099
1,	346307	,0.640961171830101
1,	346406	,-0.11139142322779
1,	394035	,-0.0397239036034005
1,	524415	,0.521932849794499
1,	554484	,-0.0114222392927008
1,	554636	,-0.3412181217357
1,	557616	,0.3029674009078
1,	593454	,-0.0124717082226997
1,	615334	,-0.394189517904001
1,	696963	,0.0499248789787998
1,	702409	,-0.0648274565285991
1,	708527	,-0.0280191036829898
1,	711153	,0.2107365387344
1,	713181	,0.305244132753598
1,	718472	,0.1065673181559
1,	730720	,-0.7146111743905
1,	732157	,-0.140875767744602
1,	735777	,-0.2310166399688
1,	738003	,0.1292320077276
1,	740198	,0.616386762721401
1,	742429	,-0.2961213029572
1,	747333	,0.0458146588141997
1,	747787	,-0.0140805904004004
1,	751232	,0.0236384859029997
1,	751595	,-0.5589332291903
1,	751982	,-0.170509663076901
1,	755132	,-0.244124736845301
1,	758657	,-0.314187153714601
1,	766985	,-0.384905232534999
1,	769890	,0.294372744049602
1,	772113	,-0.426190320279598
1,	775789	,-0.295106499493199
1,	775852	,0.0103992716747996
1,	779261	,-0.342626685049439
1,	780413	,-0.309385598207299
1,	780874	,-0.263228626704601
1,	782343	,-0.0479069737379003
1,	786025	,-0.162393330491
1,	788822	,-0.4055186774621
1,	789259	,0.0317463127676003
1,	789326	,-0.135400414642001
1,	789595	,-0.229512244981299
1,	794320	,0.00696791354619997
1,	799637	,0.180072334075101
1,	802896	,0.176703698996899
1,	803182	,-0.116718244967799
1,	808450	,0.2801307958586
1,	814000	,0.435659890183599
1,	826577	,-0.0206874077963999
1,	826610	,-0.0999569195811993
1,	826949	,0.3502208637263
1,	839881	,0.0976328878903008
1,	840551	,0.239281932979299
1,	864766	,-0.251012416191799
1,	864896	,0.49035706180042
1,	874636	,-0.2145833906385
1,	875288	,-0.229375160544901
1,	878522	,0.0664388959981004
1,	890975	,-0.607587715106799
1,	893902	,0.0510563098676009
1,	894471	,0.274552638684799
1,	908436	,0.2149219962101
1,	912885	,-0.238349382866302
1,	913202	,0.1706330139094
1,	913543	,-0.0654427523379493
1,	916294	,-0.00967932156229878
1,	936897	,-0.0183014031029014
1,	939471	,-0.216644959228201
1,	952534	,0.154207220159901
1,	952549	,0.3711630057017
1,	952829	,0.347926267386601
1,	978236	,0.342665777792901
1,	980280	,-0.4544451893169
1,	980380	,-0.0230011510414005
1,	980702	,0.0869151641664985
1,	993492	,0.366179969563619
1,	1007079,	-0.0301807706712989
1,	1008567,	0.288624070080719
1,	1018919,	-0.54471398116031
1,	1020183,	-0.0840123106725006
1,	1025843,	0.132418016856899
1,	1028961,	-0.141954867592901
1,	1029222,	-0.121587796758099
1,	1030321,	0.190228813426401
1,	1031563,	-0.0198830114548993
1,	1034521,	-0.248737392346198
1,	1037162,	-0.589911698119799
1,	1038818,	-0.1686887234175
1,	1039680,	0.29093179533935
1,	1049345,	-0.686071544899399
1,	1079453,	-0.5267262589163
1,	1079473,	-0.4248007076124
1,	1079493,	-0.563210205587499
1,	1079513,	-0.278236812669901
1,	1079562,	-0.295363894348899
1,	1079752,	-0.212298872013701
1,	1087198,	0.47924917271072
1,	1119009,	0.31845352916112
1,	1119196,	-0.1114693346631
1,	1119277,	0.203399213195521
1,	1119535,	0.0813607570488006
1,	1119877,	0.191097611616
1,	1119945,	0.0581232106938003
1,	1119968,	0.0918086847815012
1,	1120198,	-0.0660694930599508
1,	1120590,	-0.261021736588601
1,	1145907,	0.340954938991461
1,	1145922,	0.44515021032305
1,	1145937,	-0.0897830594757014
1,	1145994,	-0.172923154459101
1,	1148140,	0.3883702559763
1,	1148494,	-0.247000727647301
1,	1151107,	0.107327571080599
1,	1151122,	0.1449429101633
1,	1151188,	-0.412855444672399
1,	1155057,	0.0626604629847005
1,	1155074,	0.1559721669397
1,	1155173,	-0.376252074778801
1,	1176319,	0.218574528967599
1,	1176341,	0.319018749117701
1,	1176365,	-0.38636837576643
1,	1176388,	-0.607541948328201
1,	1176450,	-0.128954719850601
1,	1176511,	-0.448072763753901
1,	1177451,	-0.327836784946999
1,	1185205,	-0.352586567999101
1,	1185553,	0.0444883000673002
1,	1186334,	0.156814667564101
1,	1188481,	0.1225083850536
1,	1188969,	0.784456790386699
1,	1189238,	0.3983759030179
1,	1189384,	-0.220954413467199
1,	1189400,	-0.5213129808664
1,	1189416,	-0.239141201911
1,	1189443,	0.0403827075671011
1,	1190794,	0.0456527126764001
1,	1191181,	0.0603429855403999
1,	1191295,	-0.158832715443099
1,	1197772,	0.3032518978608
1,	1201054,	0.475506897926849
1,	1201155,	-0.182421738030801
1,	1201621,	-0.0826526552312004
1,	1202021,	-0.0797760017783009
1,	1202102,	-0.2051990696174
1,	1202110,	-0.192657770466299
1,	1203144,	-0.7595923015243
1,	1203161,	-0.3760812516503
1,	1203773,	0.326847647498699
1,	1204036,	1.00550963579485
1,	1204053,	0.202179549084901
1,	1206921,	-0.2911069649246
1,	1207949,	-0.1417421297283
1,	1225514,	0.48639749783255
1,	1225533,	0.277995966165699
1,	1225686,	-0.321415039440531
1,	1225708,	0.156938741353661
1,	1225931,	-0.0222508917997999
1,	1226003,	-0.120312057639
1,	1226315,	0.2346429833266
1,	1227006,	0.432960262817419
1,	1232078,	-0.0271786849289004
1,	1232206,	-0.123212329505201
1,	1232331,	-0.1168742029482
1,	1232351,	-0.318288274685701
1,	1232361,	0.2278915136979
1,	1232371,	-0.343642187347001
1,	1232382,	-0.287859109088499
1,	1232397,	-0.2118993264599
1,	1242986,	0.4212919742348
1,	1243414,	0.193775990857469
1,	1243441,	0.375909910845101
1,	1243464,	0.114399883774999
1,	1243706,	-0.226000345655569
1,	1258710,	-0.248788432394999
1,	1286368,	0.0957357444963503
1,	1286384,	0.00767806804960003
1,	1286516,	0.43861636331253
1,	1286928,	-0.155340662667301
1,	1287285,	-0.00538096529220056
1,	1287319,	0.00179955207680038
1,	1287610,	-1.28436042496554
1,	1301579,	0.1990026560175
1,	1304313,	0.365599838560799
1,	1319588,	-0.5803378194214
1,	1323299,	-0.1122269712343
1,	1355433,	0.1368915850914
1,	1395474,	-0.31559079320543
1,	1401739,	0.2247730093186
1,	1411394,	-0.3181714087342
1,	1443224,	0.3229336123355
1,	1443466,	0.200086553628601
1,	1452629,	0.2386512908047
1,	1457348,	-0.279940949922301
1,	1457430,	-0.1979643768057
1,	1463467,	-0.19944255906436
1,	1464152,	-0.128453945693501
1,	1468016,	-0.2759124582174
1,	1470913,	0.192248393930701
1,	1482830,	-1.0451857073293
1,	1483775,	-0.4606782200997
1,	1485718,	-0.290408898069401
1,	1488015,	-0.0137689482542012
1,	1490804,	-0.1595139734595
1,	1491460,	-0.609235578579501
1,	1494605,	-0.9015037864439
1,	1494674,	-0.53866181287593
1,	1495844,	-0.0553568854327988
1,	1495898,	-0.185699483943599
1,	1495962,	-1.0311089692615
1,	1500664,	-0.24567921429675
1,	1617779,	-0.4431778321004
1,	1618279,	-0.0670210528695012
1,	1618687,	-0.3338879388722
1,	1631964,	-0.38493121643814
1,	1637191,	-0.183553763275301
1,	1637355,	0.1967087811542
1,	1637546,	-0.1240227349971
1,	1637713,	-0.452852295740101
1,	1637751,	-0.279165079239199
1,	1637788,	0.5090187109616
1,	1638806,	-0.522831631209201
1,	1639923,	0.1783202646912
1,	1640788,	-0.0952389426581988
1,	1642256,	0.200075870811881
1,	1652799,	0.000627061902100934
1,	1653197,	0.36678584276817
1,	1653257,	0.3280074464755
1,	1653691,	-0.0178469122222999
1,	1658962,	-0.4358833829068
1,	1659017,	-0.0917857084525995
1,	1662464,	-0.114462945142281
1,	1677448,	0.143917855422499
1,	1677511,	0.2751347487796
1,	1677548,	0.280720103223201
1,	1677801,	0.412845587831701
1,	1677905,	-0.709951233066
1,	1677919,	-0.199097627619299
1,	1678052,	-0.513628810486098
1,	1682181,	-0.369049607465801
1,	1683191,	-0.3312125510057
1,	1685662,	-0.338853765769201
1,	1691762,	0.234605983824299
1,	1692672,	-0.252046409065899
1,	1692847,	-0.1317948029745
1,	1693552,	-0.41192117454958
1,	1693893,	-0.1301736020108
1,	1693999,	-0.3035565743854
1,	1698884,	0.321856564264799
1,	1699028,	0.50571998033127
1,	1699044,	0.85385112876396
1,	1699074,	0.59704568510176
1,	1699249,	0.49336644008554
1,	1701274,	0.2047757909196
1,	1704419,	0.633542211944551
1,	1707636,	0.0241039770424987
1,	1708305,	-0.443236921680001
1,	1711339,	-0.409320233889401
1,	1711415,	0.2387484240998
1,	1711706,	-1.0437762896393
1,	1711772,	0.200671805806499
1,	1712792,	-0.2482718222444
1,	1717585,	0.38800216508273
1,	1718093,	-0.531087466430199
1,	1719599,	-0.00436893484119949
1,	1719661,	-0.425503164848299
1,	1719800,	0.048166121187851
1,	1719818,	-0.561394669402299
1,	1719947,	-0.2433913112963
1,	1722184,	-0.187081731260369
1,	1723253,	-0.364935751381999
1,	1724187,	-0.5208821432173
1,	1727218,	-0.148132856976799
1,	1727801,	-0.4758686144928
1,	1728580,	0.0996757714890606
1,	1731102,	0.165349920324489
1,	1732270,	0.4678231510911
1,	1736554,	-0.14826739222948
1,	1739148,	-0.548535993683201
1,	1741174,	-0.1260319021559
1,	1742934,	-0.086958217713601
1,	1743546,	0.0594764410484991
1,	1744703,	-0.454968372983501
1,	1745028,	-0.1522417668134
1,	1748511,	0.128299838017199
1,	1748544,	-0.2502454349556
1,	1748886,	-0.1238733222698
1,	1748914,	-0.1543261003801
1,	1748957,	-0.137073608932401
1,	1748972,	-0.4914394958377
1,	1750924,	0.1365737170483
1,	1754556,	-0.265775120710799
1,	1755026,	-0.595947683791898
1,	1755585,	-0.3172704108818
1,	1760517,	-0.304669844897399
1,	1762784,	0.0354935181686997
1,	1763765,	-0.0775210418259
1,	1767950,	0.3636880958266
1,	1771821,	-0.3471819104162
1,	1771923,	-0.3609847310583
1,	1772423,	0.0480361180289002
1,	1773061,	0.0280688038563994
1,	1774633,	-0.3434846084581
1,	1779310,	-0.5913112488293
1,	1781120,	0.361785188239701
1,	1781663,	-0.0274065037165006
1,	1783646,	0.0846271083341996
1,	1785763,	-0.306357118601101
1,	1785864,	-0.2924464516394
1,	1794162,	-0.2161836239174
1,	1796533,	-0.187078225111099
1,	1799015,	-0.298361714859301
1,	1802548,	0.288508276322901
1,	1804321,	-0.310576772560999
1,	1805854,	-0.387282016965699
1,	1810480,	-0.86567758424504
1,	1813782,	-0.285887999159099
1,	1813931,	0.298800888352501
1,	1817395,	-0.2654366628138
1,	1819342,	-0.400982549490401
1,	1819388,	-0.604937995643599
1,	1826788,	-0.2501117284275
1,	1836475,	-0.1651452035108
1,	1858825,	0.1110960031811
1,	1860176,	-1.14710537334825
1,	1861181,	0.2121446278872
1,	1861197,	0.0161937188990997
1,	1867651,	0.3647969680434
1,	1869816,	0.0613286159663993
1,	1878053,	-0.284024166860901
1,	1878229,	0.0582041258628898
1,	1879978,	-0.19063580263251
1,	1880147,	0.227884720027099
1,	1880413,	0.162894831949169
1,	1893572,	0.2078490969878
1,	1898523,	0.125781244828799
1,	1900816,	-0.0330291904016615
1,	1903812,	0.531389177422
1,	1912441,	0.6283029654868
1,	1912455,	0.1145970402718
1,	1913365,	-0.1158740131018
1,	1920614,	-0.0797677406997988
1,	1926753,	-0.329206860862799
1,	1933476,	0.2160584369663
1,	1934416,	0.0181496628532987
1,	1938260,	-0.2248533284868
1,	1938319,	-0.181154299847099
1,	1947185,	0.392561080687502
1,	1947736,	-0.3095639152983
1,	1947774,	0.146854059159599
1,	1959610,	-0.6190225044635
1,	1962322,	0.1272180951535
1,	1966640,	0.398762374368101
1,	1979100,	0.2286000066886
1,	1986508,	-0.0992885425854002
1,	1986783,	-0.124440327556741
1,	1987466,	-0.292503093088799
1,	2004541,	-0.1529994062029
1,	2005215,	-0.0586174364943499
1,	2005685,	-0.485001786208699
1,	2005700,	-0.1484813525707
1,	2010974,	-0.1017974605532
1,	2013924,	-0.0600487370158991
1,	2017761,	-0.292563463227701
1,	2018597,	-0.435913257730601
1,	2022771,	-0.2125495505888
1,	2023116,	-0.4459014417749
1,	2030623,	0.250592622047181
1,	2030758,	0.163973089395
1,	2037444,	0.0290130447004007
1,	2046569,	-0.4153670899441
1,	2046595,	0.160240289489799
1,	2049510,	0.2765586936197
1,	2051829,	-0.565524543873101
1,	2059541,	0.1798671808045
1,	2061598,	0.079433579128299
1,	2063964,	0.220500990160501
1,	2064928,	-0.00188556449869992
1,	2067269,	0.0722771590413007
1,	2071502,	-0.4681635449032
1,	2072349,	-0.1297400684059
1,	2072426,	-0.4492396001584
1,	2072674,	-0.630565012849699
1,	2073190,	0.1183563404623
1,	2075650,	-0.2711581332028
1,	2078579,	0.383200132846699
1,	2084823,	-0.4422618736573
1,	2092064,	-0.0525636868554002
1,	2094841,	0.00502180821029974
1,	2095738,	0.376138987203602
1,	2096298,	-0.510757632419299
1,	2097732,	0.4154846564305
1,	2100120,	-0.0491958033413695
1,	2106287,	-0.6894489407482
1,	2106593,	-0.3168789426442
1,	2114648,	-0.301987323864111
1,	2119779,	-0.436732889487699
1,	2130734,	-0.166635710116301
1,	2138644,	0.0579744885841009
1,	2139282,	0.5742011344096
1,	2143352,	0.294152813912099
1,	2144532,	0.3455004987904
1,	2145729,	0.5756172300852
1,	2146222,	0.3126360036898
1,	2146586,	-0.0495100384921994
1,	2157009,	0.2887175567467
1,	2163499,	-0.1186904500426
1,	2166178,	0.67380762188702
1,	2169146,	0.2621935277666
1,	2174715,	-0.0563508400275996
1,	2176080,	0.0416008769512999
1,	2177985,	-0.506971456489801
1,	2179440,	-0.3206820806225
1,	2180265,	-0.2292526591959
1,	2180576,	0.245194100037601
1,	2183959,	0.153511218860901
1,	2184509,	1.076347080562
1,	2195441,	-0.260492337907099
1,	2195525,	0.09301371512767
1,	2205769,	-0.268707569993101
1,	2208598,	0.455915313732032
1,	2209967,	0.33485807891687
1,	2213118,	-0.152191184222399
1,	2217282,	-0.0229447933098008
1,	2217785,	-0.1725343976949
1,	2219307,	-0.0723849080369998
1,	2219338,	0.0918163998411998
1,	2224111,	0.165182128718101
1,	2241020,	-0.0168199821056998
1,	2247723,	0.0252841962700998
1,	2259808,	-0.10564912962629
1,	2261924,	0.486564807297901
1,	2263307,	-0.610806791971161
1,	2270283,	-0.0364429978773
1,	2271586,	-0.5666950510563
1,	2272215,	-0.271328699939199
1,	2272977,	-0.174224128667401
1,	2273021,	-0.2706972165451
1,	2273173,	-0.6340396809087
1,	2273756,	-0.250116707931801
1,	2273984,	-0.350087188984199
1,	2275274,	-0.0105375015251994
1,	2276042,	-0.176102180236631
1,	2276268,	-0.127053710532801
1,	2282495,	-0.3948245860479
1,	2283061,	-0.155229953684101
1,	2289487,	-0.3142245599413
1,	2291551,	-0.4138680121492
1,	2292629,	0.818281854430799
1,	2292771,	0.0729339757712992
1,	2293372,	-0.0128236850367998
1,	2294008,	-0.0506718927779009
1,	2295676,	-0.131248800852601
1,	2296012,	-0.483803633995299
1,	2297538,	0.2477526860936
1,	2298084,	-0.0277466763117999
1,	2298942,	-0.120689754201099
1,	2309365,	0.1699201046147
1,	2310562,	0.299194291536899
1,	2315231,	-0.3506151720975
1,	2315495,	-0.209486294251299
1,	2316479,	-0.423976180018599
1,	2316935,	0.112308887758299
1,	2317675,	0.226356771337299
1,	2318574,	0.0728697143284993
1,	2319424,	-0.2368122604038
1,	2319429,	-0.1587235920036
1,	2319521,	0.00668166772219969
1,	2320212,	-0.299251290565101
1,	2325378,	0.0270490174396993
1,	2342140,	-0.2023138837754
1,	2342677,	0.251426700776801
1,	2343550,	0.499044873927399
1,	2345641,	0.5621534227897
1,	2347670,	-0.308006560501999
1,	2353187,	0.0249193080765
1,	2359358,	0.313914017023
1,	2382508,	0.6029225069174
1,	2387034,	-0.0211818954064995
1,	2406285,	-0.0889456087118994
1,	2408485,	-0.3221893360321
1,	2408795,	0.3214711349443
1,	2420477,	-0.2193978190151
1,	2438167,	-0.414367878038099
1,	2439571,	0.0180175048585003
1,	2440254,	-0.141209897293001
1,	2442415,	-0.341200086899731
1,	2442429,	-0.169867276205
1,	2444790,	-0.0621152427784004
1,	2445493,	-0.0659954567216001
1,	2445723,	-0.3388039376763
1,	2446063,	-0.691524419735799
1,	2448480,	0.646925160679899
1,	2448493,	0.520107709509
1,	2448580,	0.197321659893401
1,	2448658,	0.6347515969022
1,	2448672,	-0.0870372105925803
1,	2457438,	0.57574662316056
1,	2457456,	0.665166325627551
1,	2457516,	0.399831454877599
1,	2457904,	0.278587083718801
1,	2457926,	0.633428649208041
1,	2458261,	0.258845488440642
1,	2463118,	-0.340698706843851
1,	2472781,	-0.0310712271166995
1,	2491198,	-0.0723012542218999
1,	2492895,	-0.607624446129801
1,	2494549,	0.0467248596673002
1,	2495573,	-0.234553426462499
1,	2495706,	-0.462504465508001
1,	2502915,	-0.115438348668199
1,	2503912,	0.357456467926001
1,	2505597,	-0.311861900274099
1,	2505905,	-0.145402537464701
1,	2511290,	-0.219218783023901
1,	2512897,	0.662404754384701
1,	2521216,	0.239748451019199
1,	2523412,	0.0714133741768013
1,	2535511,	-0.222355419186099
1,	2536089,	-0.219941350796699
1,	2536552,	-0.262586149999301
1,	2538441,	0.4879111230952
1,	2539226,	-0.985509151570851
1,	2542687,	-0.0470466970632
1,	2543484,	-0.192112060916799
1,	2543618,	-0.40466508425
1,	2544148,	0.272713725589
1,	2558318,	-0.444643485892101
1,	2568209,	-0.294858161141599
1,	2569202,	-0.695778270787001
1,	2684306,	-0.13878425697121
1,	2691676,	0.198001235527199
1,	2694497,	-0.0317652863083993
1,	2694937,	-0.2046895725108
1,	2699173,	-0.219048785110001
1,	2699479,	-0.0312328968344993
1,	2700733,	-0.0989991628969698
1,	2703187,	-0.271404660412319
1,	2704250,	0.0337560073693997
1,	2713205,	-0.312412155055499
1,	2713412,	-0.4117799175807
1,	2713892,	-0.256517977740199
1,	2715812,	0.449612716131101
1,	2719387,	-0.171458242096501
1,	2725425,	-0.1041272487293
1,	2725680,	-0.111693043500399
1,	2726567,	0.3946281625223
1,	2729920,	-0.206776923455301
1,	2730611,	-0.619214436546001
1,	2738550,	0.0226883666740001
1,	2738842,	-0.7999050800242
1,	2739781,	-0.6671145609645
1,	2744266,	-0.187659449462499
1,	2744286,	-0.179083025946101
1,	2744372,	-0.758360116096998
1,	2750102,	-0.101274049763999
1,	2751235,	-0.678546969277999
1,	2756831,	0.675024004824319
1,	2760319,	-0.355873269200499
1,	2765043,	-0.24463471286359
1,	2772453,	0.3288055521811
1,	2772900,	-0.364504465056401
1,	2776005,	-0.1511726549986
1,	2777567,	0.22671338896674
1,	2778956,	0.0261762776524197
1,	2778968,	-0.193625842869301
1,	2779766,	-0.751827789502
1,	2782661,	0.064167534190199
1,	2783092,	0.0782654488694003
1,	2799351,	0.42104357065244
1,	2802772,	-0.014756902529701
1,	2807281,	-0.202483372646199
1,	2815227,	0.3309823956732
1,	2816023,	-0.3024467625886
1,	2817984,	1.11623930980777
1,	2821229,	0.1782844399245
1,	2821780,	-0.3344742858486
1,	2823020,	-0.0726297453378013
1,	2823192,	-0.1605211680568
1,	2823603,	-0.105769934932599
1,	2823705,	-0.365230820542902
1,	2831202,	-0.1456890529292
1,	2831740,	0.000142234536200547
1,	2831888,	0.35856812180546
1,	2834114,	-0.0896759472862989
1,	2835347,	-0.692569688335599
1,	2836134,	-0.0939588023705991
1,	2836837,	0.130565277637499
1,	2840581,	-0.2322363141046
1,	2840988,	0.0599289515782004
1,	2841098,	0.0900454492948999
1,	2845020,	0.47828452779849
1,	2847300,	-0.203773907408401
1,	2848269,	-0.557323078925
1,	2848710,	0.762351004665209
1,	2849584,	-0.1689776699262
1,	2850943,	-0.1532493924175
1,	2853658,	-0.6290256590122
1,	2855638,	0.0433824484775993
1,	2855761,	-0.3848108446678
1,	2855769,	-0.511349956755199
1,	2857008,	-0.300192506504001
1,	2857821,	0.0241710482432005
1,	2857945,	-0.2360865123767
1,	2867639,	-0.00886305369330032
1,	2868226,	0.228563298829799
1,	2869320,	-0.243902191616939
1,	2869404,	-0.215712714489801
1,	2879008,	0.111576834763669
1,	2891988,	-0.109086818783899
1,	2892087,	-0.288756118296199
1,	2893916,	0.0209358432519
1,	2894587,	0.223839147297401
1,	2895037,	-0.507270894378301
1,	2896703,	-1.28142273180507
1,	2898248,	-0.2544708878746
1,	2898437,	-0.00044517013400025
1,	2898859,	0.023883984733299
1,	2899231,	-0.801275546992699
1,	2899351,	0.311138316842341
1,	2904265,	-0.0937154534376017
1,	2904573,	-0.761736028199199
1,	2909802,	-0.159156472173601
1,	2911720,	0.359700745695399
1,	2911769,	-0.306544385567399
1,	2911880,	0.192667346314199
1,	2915382,	0.3523484871693
1,	2915753,	-0.19136799706728
1,	2916415,	-0.1453777779635
1,	2921187,	0.0709538896020003
1,	2922083,	-0.0514693613733996
1,	2922306,	-0.2029443965843
1,	2924172,	-0.324712761124399
1,	2924877,	-0.0563247429404203
1,	2926340,	0.7497649726071
1,	2926730,	-0.376408858631301
1,	2927172,	-0.27122901421099
1,	2928557,	0.135542589665699
1,	2930133,	-0.339256785235602
1,	2930478,	-0.417935553125499
1,	2936586,	0.342511006058301
1,	2937577,	-1.21726999589605
1,	2937769,	-0.0271079077707999
1,	2937880,	0.1683155573386
1,	2939927,	0.0994329509335987
1,	2940194,	-0.645300123158901
1,	2940230,	-0.336264215831299
1,	2940257,	0.0717916444079005
1,	2941066,	-0.473536585971098
1,	2941694,	0.387844597215601
1,	2942700,	-0.175687442627
1,	2946526,	-0.2656122945825
1,	2946976,	-0.280234761671801
1,	2947460,	-0.880948197056901
1,	2947647,	-0.8585055908797
1,	2949470,	0.0678676059562004
1,	2950271,	-0.6074704524508
1,	2950365,	0.13695824118459
1,	2957085,	-0.533188380521501
1,	2960790,	0.0163804462693999
1,	2961417,	0.127294861838699
1,	2962294,	-0.776170623928159
1,	2963182,	-0.348541729163999
1,	2964072,	-0.223446807690999
1,	2971701,	0.174915766737801
1,	2972481,	0.255240906105801
1,	2984565,	-0.0426053296263991
1,	2984577,	-0.192574834346601
1,	2986056,	-0.124420676818401
1,	2986462,	-0.124136476521301
1,	2990784,	-0.3569544377466
1,	2991932,	0.71542371604146
1,	2992174,	0.4244952755997
1,	2993167,	-0.2530142989394
1,	2993349,	-0.5413748379951
1,	2994217,	0.6154177485507
1,	2999829,	-0.0417723982166986
1,	3000446,	0.542842568271601
1,	3015572,	0.0196841468991984
1,	3015960,	-0.1846755424063
1,	3016120,	-0.1915003705173
1,	3024980,	-0.0106815131539015
1,	3028390,	0.41361020678657
1,	3034041,	0.0387339599685994
1,	3034837,	-0.0266103064963996
1,	3037112,	-0.189215257429199
1,	3039573,	-0.16764067345111
1,	3040454,	0.1753612977174
1,	3043966,	0.249008991067399
1,	3044129,	-0.621058125445598
1,	3048230,	-0.2226553822511
1,	3058506,	0.232141447343301
1,	3058860,	0.444373842569
1,	3060195,	-0.3758128360474
1,	3066270,	0.0257670010993998
1,	3069879,	-0.209855425625001
1,	3070715,	-0.183758115979201
1,	3070800,	0.40217681242769
1,	3079347,	0.324709148736801
1,	3079709,	0.0918123229164003
1,	3081134,	-0.128375946532302
1,	3084691,	0.2299654118486
1,	3084986,	0.232257562428801
1,	3091213,	0.135892499087801
1,	3091622,	-0.0299064224356993
1,	3091723,	-0.3139767938167
1,	3091800,	-0.3558681330307
1,	3093172,	0.237654824583499
1,	3098377,	0.0748443422653988
1,	3098629,	-0.30893225432974
1,	3100595,	-0.110568773194501
1,	3102277,	-0.227294198713901
1,	3102839,	-0.1097153943082
1,	3104812,	-0.90093522698481
1,	3109349,	-0.1737248027185
1,	3109589,	-0.189607158942
1,	3113601,	-0.0708343617321994
1,	3114015,	-0.0390158248698
1,	3116505,	-0.849548310704401
1,	3116935,	0.569641526644689
1,	3116997,	-0.454114619074
1,	3117398,	-0.560464853300099
1,	3117785,	-0.1896137526481
1,	3120007,	-0.25498352009541
1,	3120451,	0.2866784823226
1,	3125035,	-0.187621943162901
1,	3126718,	0.3978021517584
1,	3127773,	0.06888796663082
1,	3127816,	0.717907083484301
1,	3127996,	0.0107681836609999
1,	3129776,	-0.0976698040418
1,	3131476,	-0.0172590901406
1,	3132656,	-0.214459760101501
1,	3136357,	0.524107532616499
1,	3136890,	-0.410550683047671
1,	3137685,	0.022228506319399
1,	3138557,	-0.3937782595263
1,	3142828,	-0.0130217551899001
1,	3145650,	-0.1896373467677
1,	3146003,	0.2846755544236
1,	3155127,	-0.0577893129512006
1,	3155950,	0.1369327502433
1,	3159018,	0.16692476453909
1,	3162562,	-0.0465539924599003
1,	3162963,	0.0409601169451008
1,	3163871,	0.4264917004836
1,	3165498,	0.438250261176901
1,	3166321,	0.0276200384070009
1,	3167340,	0.838822264521701
1,	3169159,	-0.300871719585199
1,	3174846,	0.0453143183889004
1,	3178365,	-0.0356536677159003
1,	3180800,	-0.0614993348955011
1,	3181337,	-0.5485196389923
1,	3187340,	0.612153807926399
1,	3187607,	-0.897223529518499
1,	3189344,	-0.277032720929421
1,	3190197,	0.533907774376601
1,	3192305,	-0.137189560188
1,	3192757,	-0.345074849561001
1,	3198235,	0.0920205403229009
1,	3202288,	0.0330039833939004
1,	3202806,	-0.1696181755986
1,	3204592,	-0.1879037601781
1,	3208189,	0.244498060722599
1,	3208471,	-0.208400445856199
1,	3208783,	-0.274266225310601
1,	3209961,	-0.136086054810299
1,	3210020,	-0.416698293914701
1,	3210912,	-0.186026218359199
1,	3211231,	0.221350864889001
1,	3211481,	-0.103284640319099
1,	3211973,	-0.6619718627342
1,	3212194,	-0.287018094558601
1,	3212330,	-0.010244140597699
1,	3212487,	0.222395843851901
1,	3212512,	-0.610093316773
1,	3214519,	0.5763228921025
1,	3215195,	0.177119310072399
1,	3215617,	-0.0507408479327989
1,	3215800,	-0.0898995303351011
1,	3216074,	0.468793960410599
1,	3216476,	0.201258278098999
1,	3216693,	0.147872650319579
1,	3219118,	-0.0685386246786006
1,	3225329,	0.11215128391933
1,	3225416,	-0.510846178836101
1,	3225901,	-0.1881060536237
1,	3227034,	-0.160027066358499
1,	3227069,	-0.0915590422959003
1,	3227412,	-0.0536122507481007
1,	3227606,	-0.0550892459472987
1,	3230995,	0.5001579403504
1,	3241867,	0.0709700066755001
1,	3241964,	0.0686368791443996
1,	3242480,	-0.1604728639713
1,	3243801,	0.0294061226404008
1,	3243960,	0.0634897146365994
1,	3244141,	-0.160604013111799
1,	3244968,	-0.636561738625101
1,	3245399,	-0.0343007522941008
1,	3245968,	0.262679342279201
1,	3246062,	0.2744929348644
1,	3246919,	0.0316527571582004
1,	3249537,	-0.1223562537111
1,	3251542,	0.2166401686324
1,	3257210,	-0.352643613141401
1,	3268819,	-0.0936440650693697
1,	3269184,	-0.1551326094707
1,	3270675,	-0.3450745410726
1,	3273163,	-0.5171588950155
1,	3273388,	-0.2244975551711
1,	3275010,	-0.0451299898887001
1,	3275091,	0.171284103030001
1,	3275488,	0.109214494771301
1,	3276113,	0.498389407967
1,	3278397,	-0.349966912885099
1,	3281484,	0.360481921945199
1,	3281618,	-0.461605300507291
1,	3281901,	-0.4569073792327
1,	3284090,	0.315480350290999
1,	3284282,	0.241513938456601
1,	3284832,	0.358353381135299
1,	3287246,	-0.105384751170899
1,	3287498,	-0.1432865394282
1,	3288179,	-0.2064188856141
1,	3290990,	-0.0274658516950996
1,	3292731,	0.0926172817909006
1,	3295363,	-0.59115351067436
1,	3297247,	-0.240023375087301
1,	3297894,	-0.4011346345299
1,	3298161,	-0.308881023986201
1,	3304456,	0.300468358936399
1,	3306616,	0.0267665055033
1,	3306642,	0.2163602740786
1,	3308574,	-0.0174011024893996
1,	3308838,	-0.584320641810699
1,	3314897,	-0.0606903035583013
1,	3315954,	1.04299639855602
1,	3316031,	-0.1316715928431
1,	3316656,	0.0605506410303995
1,	3316664,	-0.127942919903401
1,	3317330,	0.285355375882201
1,	3323455,	-0.619809041686
1,	3326482,	0.0484640906673004
1,	3327269,	-0.205960978722699
1,	3327412,	0.0218096831533998
1,	3328209,	-0.0184380190229998
1,	3329199,	0.258852003575701
1,	3330095,	-0.0734076266562997
1,	3330590,	-1.55020714379453
1,	3330715,	-0.493815325394099
1,	3333002,	0.0689966882200999
1,	3334075,	0.534679683048999
1,	3335005,	0.0819742432781005
1,	3336208,	-0.3709704341783
1,	3343809,	0.375460434038601
1,	3347663,	-0.1016608749882
1,	3353296,	-0.0352759707269001
1,	3353385,	0.50155439178922
1,	3353899,	-1.1564299295109
1,	3355609,	0.1650677568242
1,	3356353,	-0.2428809634632
1,	3357928,	1.9281828143177
1,	3357991,	-0.4410874068281
1,	3358003,	-0.2169174692817
1,	3367203,	-0.0684083996089004
1,	3367302,	0.0013916912854004
1,	3367412,	0.283012888457
1,	3369917,	0.0720992058893
1,	3384110,	0.2920923968632
1,	3390651,	0.2516538525282
1,	3390992,	0.0447851681662694
1,	3391068,	-0.519234505755399
1,	3392800,	0.2527014107076
1,	3393312,	0.0764476876693987
1,	3394087,	-0.3712735557024
1,	3394876,	-0.240374578016601
1,	3394935,	0.0400457915944994
1,	3394994,	-0.41830279798304
1,	3395156,	-0.619778046192099
1,	3396651,	0.227664347253061
1,	3409995,	0.0308246983112994
1,	3411446,	-0.000755362918900104
1,	3431242,	0.141321789730299
1,	3436673,	0.3700403143439
1,	3464504,	-0.357800021310601
1,	3464524,	0.212590817494071
1,	3464580,	0.4853245971569
1,	3464637,	-0.343385473642501
1,	3464711,	-0.0669761277646987
1,	3465061,	-0.0279995581839998
1,	3466139,	0.3718012138883
1,	3470009,	-0.231071728883501
1,	3483939,	0.304647150190702
1,	3487785,	0.6984799516298
1,	3488927,	0.0331086055930996
1,	3490919,	0.470892200772699
1,	3492836,	0.276078016810301
1,	3492996,	-0.0150533726892004
1,	3493332,	0.41520101291786
1,	3493564,	-0.3731984848982
1,	3493933,	-0.0973149151284005
1,	3502201,	0.2717733371513
1,	3502376,	0.70552129131187
1,	3511985,	-0.3187023222024
1,	3525505,	0.00273996401580057
1,	3525590,	-0.402202974947301
1,	3525785,	-0.3789735726664
1,	3528361,	0.0671640767242998
1,	3528942,	0.3116031133763
1,	3529341,	-0.500812032721401
1,	3529523,	0.37347539169234
1,	3530085,	-0.0749047424787008
1,	3533978,	-0.106424510057199
1,	3534056,	-0.0406321068535007
1,	3534146,	-0.4747477542751
1,	3534196,	-0.279861079740339
1,	3534206,	-0.1164430623664
1,	3535353,	0.1754377129666
1,	3535472,	-0.7701736109153
1,	3538692,	-0.443342548886699
1,	3540459,	0.1056742022711
1,	3542312,	-0.252094681865101
1,	3543099,	-0.5770351377718
1,	3544449,	-0.569319273863801
1,	3544484,	0.208881561601149
1,	3545642,	-0.15627825631813
1,	3548122,	-0.1095453193676
1,	3549240,	0.0252313581171997
1,	3555686,	0.3734856553322
1,	3565693,	0.136063145139001
1,	3565789,	-0.244302525011401
1,	3566057,	-0.0633995772221994
1,	3567181,	-0.5361236332477
1,	3568673,	-0.410537219014181
1,	3571821,	-0.1432423793401
1,	3573119,	0.0962420774866999
1,	3575080,	-0.158356880264801
1,	3575095,	0.0754239261246994
1,	3575198,	-0.0178958097340001
1,	3575214,	-0.0274361097743991
1,	3575230,	0.0468830311152004
1,	3576110,	0.148929901161701
1,	3576310,	0.310093760165591
1,	3577365,	0.3119579269294
1,	3579570,	-0.402889528449991
1,	3579931,	0.343406779227001
1,	3581308,	0.2337148099061
1,	3586667,	0.196727338088001
1,	3586682,	-0.00771457677090126
1,	3586759,	0.173260957281141
1,	3586850,	-0.38745961614776
1,	3586904,	-0.119752069099999
1,	3586945,	-0.4385014686963
1,	3597380,	-0.175262120258799
1,	3598454,	-0.00697880648229976
1,	3598677,	0.1617153158103
1,	3598822,	-0.364349423623199
1,	3598868,	-0.0609396270234015
1,	3604341,	0.0429539868028996
1,	3604437,	-0.9867330924993
1,	3604467,	-0.2726535372223
1,	3604558,	-0.612231579698541
1,	3605812,	-0.225751919107701
1,	3605851,	-0.484076513694401
1,	3610040,	-0.782992799038599
1,	3612166,	0.529652980235261
1,	3618138,	0.49027187591002
1,	3618149,	-0.229439103666699
1,	3618184,	0.433753009158099
1,	3618228,	0.610960464276401
1,	3618243,	0.320624402346201
1,	3618248,	0.2253920692413
1,	3618537,	-0.0621018114103009
1,	3631467,	-0.0691279367944002
1,	3631475,	-0.261457257984899
1,	3631485,	0.341282945902799
1,	3631545,	0.5861810018525
1,	3631554,	-0.0424036389882012
1,	3636885,	0.38281841659926
1,	3636901,	0.285657628553279
1,	3638128,	-0.163803357892
1,	3638205,	-0.3164953813745
1,	3642477,	-0.0561246720185213
1,	3644410,	0.00740029661789876
1,	3644455,	-0.248161958524499
1,	3644548,	-0.0597296278038009
1,	3644784,	-0.335791082284899
1,	3644804,	-0.5058478872227
1,	3645097,	-0.0392035099655992
1,	3645252,	-0.2160725208494
1,	3645265,	-0.508281029203301
1,	3645371,	-0.3086316750826
1,	3645396,	-0.278040747469699
1,	3651281,	-0.0688763844375995
1,	3655727,	0.0465046867565988
1,	3656162,	0.4772734924586
1,	3656739,	-0.3826545090854
1,	3658613,	0.1141703891308
1,	3660065,	-0.182608614375601
1,	3660887,	0.0780332553495988
1,	3666458,	0.1106587186539
1,	3670589,	-0.318610623114939
1,	3671691,	0.531691150653101
1,	3671930,	0.3055628374142
1,	3674045,	-0.0685431640405998
1,	3675301,	-0.3842850446614
1,	3676178,	-0.0645393712294009
1,	3681712,	-0.255468270932699
1,	3684507,	0.622321452029601
1,	3684971,	0.0999096583205006
1,	3685860,	0.0600836287805002
1,	3685895,	-0.121537513273299
1,	3686216,	0.368098101971698
1,	3686352,	-0.207131386747401
1,	3686396,	-0.0328178705947
1,	3686467,	0.752838012284801
1,	3686499,	0.205443137163501
1,	3688807,	0.0529574600844001
1,	3689052,	0.0702588245196996
1,	3690076,	-0.0183804930495004
1,	3691081,	0.0816736352556013
1,	3694388,	0.249859191256801
1,	3694921,	-0.0124322598225
1,	3695086,	0.0635832957114992
1,	3695845,	-0.1805810639404
1,	3697753,	0.322507455788001
1,	3700009,	-0.0160293530811
1,	3700182,	0.2720710391075
1,	3703893,	0.00538515606340084
1,	3704343,	0.0954788671967997
1,	3707264,	-0.2719191796864
1,	3708917,	-0.2919675117327
1,	3710421,	0.1379184222354
1,	3710825,	-0.0505837221796011
1,	3710887,	0.32755528695
1,	3715405,	0.162077323377501
1,	3716186,	0.2798041382236
1,	3716262,	0.0349576833586998
1,	3720295,	-0.4480814653654
1,	3722499,	0.2944412859884
1,	3722567,	-0.00673006230840123
1,	3722642,	0.142080445301199
1,	3723021,	-0.114073440100299
1,	3725445,	-0.2805737934184
1,	3726179,	0.0650425316279009
1,	3729983,	-0.621503878148781
1,	3730458,	0.280639260721701
1,	3732117,	-0.1795080160505
1,	3733179,	-0.254491884750799
1,	3733251,	-0.0762272453082993
1,	3733293,	0.4528027806104
1,	3733563,	0.16002570219
1,	3733944,	0.170166300010999
1,	3734121,	-0.407552014164599
1,	3735784,	-0.0845751826414993
1,	3736570,	-0.0600107473145997
1,	3736738,	-0.0956830089430998
1,	3737463,	-0.3888588147734
1,	3741789,	0.1014983827235
1,	3743673,	0.1343567650312
1,	3744062,	-0.0777851608131002
1,	3745181,	-0.454505869764899
1,	3745778,	-0.282742195800099
1,	3745934,	-0.665166285311701
1,	3746015,	-0.7355467517833
1,	3752622,	-0.413548222651301
1,	3752749,	-0.156925539031599
1,	3753024,	-0.550144813641301
1,	3753427,	-0.635815036544699
1,	3753657,	-0.497159631092501
1,	3756100,	0.183797497220999
1,	3756146,	-0.473778186794402
1,	3756301,	-0.4277721634403
1,	3759091,	-0.337952974517799
1,	3759122,	-0.142037937903
1,	3760789,	0.0985237898219999
1,	3761208,	-0.2210129815481
1,	3761264,	0.214650625110801
1,	3762219,	-0.323046244569602
1,	3767093,	-0.451958598864699
1,	3767243,	-0.3002240118744
1,	3770903,	-0.0455752588747007
1,	3775322,	0.305909309859549
1,	3776384,	-0.342023720804461
1,	3778972,	-0.327529044247701
1,	3781522,	0.4877001856016
1,	3782580,	-0.2900334218329
1,	3782661,	-0.0016234971272997
1,	3782827,	-0.257861073156301
1,	3784133,	-0.284146886481201
1,	3791688,	0.0244450851063007
1,	3792072,	-0.264100670526799
1,	3793038,	0.0402807252073014
1,	3794958,	-0.5425111989342
1,	3795115,	0.0706050831955984
1,	3795498,	-0.082437712094201
1,	3799622,	-0.1505024170384
1,	3801650,	-0.562508050985199
1,	3802708,	-0.421277202412531
1,	3804399,	0.402503655655702
1,	3804764,	0.730648988222359
1,	3809197,	0.2923563278685
1,	3811732,	-0.438049942846501
1,	3812563,	-0.0418995420122013
1,	3813129,	-0.8540559442524
1,	3897058,	0.249021164683199
1,	3897503,	-0.00703129001950131
1,	3899452,	-0.150270167741299
1,	3899497,	-0.0179335125903002
1,	3901529,	0.634637415393501
1,	3902692,	-0.0283790707758005
1,	3903676,	-0.2118197346787
1,	3903754,	-0.5528822528203
1,	3904110,	-0.346771754738999
1,	3904725,	-0.7006905483004
1,	3905920,	0.0385311472389009
1,	3906856,	0.2437930626891
1,	3906970,	-0.0730727971387992
1,	3907304,	-0.3260931242365
1,	3907418,	-0.130800045749101
1,	3908197,	0.00663817826869995
1,	3910668,	-1.13162004917212
1,	3911499,	-0.157582535821099
1,	3912093,	0.2127603209145
1,	3915242,	0.0528406007738997
1,	3917896,	-0.627720539996599
1,	3921278,	0.308786661914299
1,	3922104,	0.237090151792799
1,	3922325,	-0.294119767804901
1,	3922670,	1.0622662492507
1,	3923684,	0.0127862409231998
1,	3925928,	0.5525501952916
1,	3926588,	0.00265336755239964
1,	3927450,	-0.0462058672546988
1,	3928142,	-0.485543020268901
1,	3928784,	-0.338899339003301
1,	3929445,	-0.6559391040664
1,	3929593,	-0.0645708595625987
1,	3930886,	0.165045611528999
1,	3930939,	-0.201942299456299
1,	3931128,	-0.1703459528108
1,	3931187,	-0.1048429360496
1,	3933957,	0.088711522468401
1,	3935397,	0.00313795139039996
1,	3936055,	0.3509856682745
1,	3939005,	-0.0912840515742985
1,	3939300,	-0.308575044280401
1,	3939375,	-0.2119804132486
1,	3939693,	-0.3503098255088
1,	3940015,	-0.4752758359617
1,	3940114,	-0.983848727298019
1,	3948083,	0.0481294624855995
1,	3948598,	0.61318981576075
1,	3950321,	-0.418691208258601
1,	3953927,	-0.000766560982000897
1,	3955140,	-0.0529895578129
1,	3955487,	0.0715843042510009
1,	3956744,	-0.4528458760934
1,	3957262,	-0.226782037723199
1,	3969548,	-0.8867237317004
1,	3972924,	0.375322762938499
1,	3973564,	-0.262561940720001
1,	3974302,	-0.0270687249396993
1,	3977950,	0.1413588275905
1,	3978308,	-0.2372234854148
1,	3978595,	0.0289765899064012
1,	3978636,	0.390764906356599
1,	3980624,	-0.0277592031821996
1,	3980640,	0.168466877848941
1,	3982587,	-0.4317060773819
1,	3982891,	-0.4720351089112
